"","other","Mortierellaceae","Piskurozymaceae","Trimorphomycetaceae","Umbelopsidaceae","Russulaceae","Hypocreaceae","Aspergillaceae","Herpotrichiellaceae","Clavulinaceae","Chaetomiaceae","Atheliaceae","Cortinariaceae","Inocybaceae","Sebacinaceae","Helotiaceae","Thelephoraceae","Tricholomataceae","Pyronemataceae","Gloniaceae","Helotiales_fam_Incertae_sedis"
"1",0.254548245404394,0.14414975496991,0.0484015563813733,0.0246381317898252,0.0455592187203612,0.0757284994812874,0.0191439902526163,0.0193643166299579,0.0274926206293358,0.0184051259643782,0.0199795521230808,0.0407183248298145,0.0257685608927906,0.0370134013544681,0.0204649213298445,0.0265814306059027,0.049120766291956,0.0281391290735762,0.0236333604871391,0.0239127178360837,0.0272363749519052
"2",0.252280852902491,0.125023786866894,0.046906736799864,0.0254912004347565,0.0474297846238296,0.0767731035837684,0.0187663621050137,0.0205555333072084,0.0316143652203652,0.0216831971001266,0.0174329923973974,0.0566174290926941,0.0292798363896656,0.0270673835342764,0.0204523892994973,0.0291489663220612,0.0469820135780604,0.0322149526473176,0.0238538797273172,0.0265918964848468,0.0238333375825488
"3",0.243886287124308,0.102600302713001,0.0356172386266031,0.0225861793846941,0.0738853961811686,0.0551688948403021,0.017240763327155,0.0200466681230221,0.0413469437363753,0.0206949676292949,0.0115045720706182,0.0910630025922518,0.0572093255192864,0.0180301548818007,0.0118234589623709,0.0388450187919402,0.0348212301975972,0.0348935843494827,0.0207377703430364,0.0299903508931987,0.0180078897124924
"4",0.262460919058832,0.099476257581431,0.0340544706271787,0.0240378733435112,0.0316388324713332,0.0534337856168054,0.0174632003530821,0.0220346028310925,0.0339152829674372,0.0293602216425262,0.0174827062649467,0.0625849986805444,0.0267227264350871,0.0406143250841784,0.0337162439309259,0.0247350106549735,0.0667185216107126,0.0387647200984459,0.028389913050923,0.0297594471473434,0.0226359405486895
"5",0.236435118248945,0.063534690914322,0.0204847497659127,0.0150050528914011,0.020758694078205,0.0852740404813179,0.0146687906684068,0.0169750711470438,0.0231744412188606,0.0216760634333174,0.015594231422918,0.0241973965951588,0.0355776975005192,0.136644422980474,0.0500820542146044,0.0166795484145589,0.109088920807935,0.0235124493564604,0.0286465968577773,0.0245633896129355,0.0174265793889267
"6",0.266521559295206,0.0935339527639669,0.0403242061413359,0.0250802798690987,0.031750766767292,0.092265355395031,0.0193198876929088,0.022189767497017,0.0303373412546581,0.0272151276856529,0.0167473842322308,0.0402086758867871,0.0286256374474971,0.0351603832237796,0.0375582572935654,0.0222586827867841,0.0594149180567535,0.0343207864852371,0.0277101697816283,0.0312814336482754,0.0181754267952943
"7",0.253198296113629,0.0879930671659778,0.0338891312553181,0.0204208986086036,0.0366174947222318,0.111506693001765,0.0175004859858637,0.0188929047094469,0.0270479097393389,0.0208033060224869,0.0156817850416863,0.0328842648742048,0.039770459097162,0.0602521059604018,0.0309555902349125,0.022449061315189,0.0700217431362326,0.0272467707563405,0.0261576389317274,0.0283206916976435,0.0183897016298384
"8",0.222330095680207,0.0552866177818811,0.0155395893526572,0.0142562943510337,0.0160226101757447,0.0720363354752147,0.0130552668335801,0.0154615386264972,0.0211534911987886,0.0220302699630405,0.0147668122798078,0.0208785644674655,0.0298800035400535,0.180728432647482,0.0543696767246989,0.012669891891002,0.127923381565218,0.0236940243080326,0.0273206296032354,0.0247546664718045,0.0158418070625557
"9",0.24768127254298,0.085496462759082,0.0305256978123871,0.0228136902510997,0.0603898854129264,0.051733882583283,0.0164963273123267,0.0215316384735312,0.0450376371294825,0.0255700992719424,0.0115190772049288,0.0969492888796225,0.052969181388499,0.0222060646190071,0.0159807346377725,0.0342540811254586,0.0446364021225882,0.0406888115125729,0.0237009677350948,0.0325888859467546,0.0172299112786595
"10",0.248775983836436,0.0675945305141353,0.0191298300976315,0.0199390005613201,0.0209657859245693,0.0426746959559686,0.014347966634791,0.020255470989997,0.0333168894527357,0.0343653349707908,0.0152796625096614,0.0608037488136927,0.0280145879773044,0.0810993618516586,0.0469499037419603,0.0184770099025759,0.106513490197446,0.0406831307493185,0.0300375006292545,0.0316984481515189,0.0190776665372327
"11",0.256093911558917,0.0824398850890244,0.027699386434399,0.0200900059676015,0.0379582204386262,0.0992095370154777,0.0171432511064603,0.0186569382605695,0.0290454745802804,0.0210731552163581,0.0145663163680454,0.033406003448777,0.045588051631915,0.0708103935386511,0.0287525149641397,0.0214777296749614,0.0747105185552772,0.0284224505676851,0.025567780867137,0.0300561225528553,0.0172323521628417
"12",0.256673238223198,0.0865282252949598,0.0288290675805251,0.0205086148787669,0.032873717269605,0.0995363461750648,0.0174104450573328,0.0186143976781309,0.0269022422371719,0.0212213530335809,0.0160293262672651,0.0290935796443892,0.0373119202720714,0.076906331301041,0.0328007195267197,0.019567807978079,0.0783063229395035,0.0277157608478473,0.0260579174612824,0.0288540188882213,0.018258647445244
"13",0.225982399917062,0.0579983290873892,0.0159093308218868,0.0138835755999294,0.0127341368755341,0.0547227936719495,0.0133970194040528,0.0161143376486729,0.0200081669736894,0.022550911658896,0.0168531079735894,0.0169232169516613,0.0222595843278047,0.192269705633703,0.068408005910372,0.0114991345786939,0.126068851176713,0.0232268866822644,0.0294937080145772,0.0223702013809704,0.0173265957105883
"14",0.220651287186092,0.0463284505198116,0.0105355688335578,0.012437905984485,0.0162501309259233,0.0326944179368825,0.0114672702371736,0.0166616350359862,0.0295271066395752,0.0283638362438026,0.012678885301398,0.0459948574815448,0.0378774553733881,0.171966713001221,0.050818063601049,0.0164900830048986,0.138326895843689,0.0297751776596979,0.0293133642117689,0.0251739354871182,0.0166669594909366
"15",0.203360001841316,0.0451517947259254,0.012023637839567,0.0118569860720193,0.0118578669022143,0.0621640174759946,0.0115218208857687,0.0140677380171197,0.018857200702977,0.0214078951813533,0.0138565230607271,0.0176219695325477,0.0268126856133777,0.228322371141735,0.0632699463632493,0.0106932929412978,0.143078887083147,0.0209606924949308,0.0267504797156313,0.0218636821937213,0.0145005102153791
"16",0.204424920660498,0.0445226723026178,0.0126874443035115,0.0120351113002609,0.0112169330922122,0.0589385405302035,0.0114253142251614,0.014577705714902,0.0190026837173288,0.0227637490343881,0.0142181767283982,0.0182964915837157,0.0246342644855458,0.217896044508125,0.0703081007232596,0.0106269510183576,0.144959281311828,0.0221873779078063,0.0283485080032544,0.0221654268166718,0.0147643020319538
"17",0.219824755036189,0.0564543472541684,0.0177596055125358,0.0140680237246701,0.0139164990229033,0.080384472795228,0.0134268052467046,0.0158423425590733,0.0196896419553375,0.0222763282592672,0.0163607874195686,0.0188248360876056,0.0247562544704845,0.170921401695465,0.0651536060932758,0.0125733401188034,0.127809580776852,0.0220339256261321,0.0286646181022195,0.022319741655756,0.0169390865877605
"18",0.204874200904211,0.0519428162051184,0.0157720334850658,0.0122720905116123,0.0122065049403823,0.0782499829397459,0.012185495366659,0.014218475495251,0.0172012910249357,0.020064832439556,0.0157565820958087,0.0162914252314451,0.0239176441982298,0.20815995369394,0.066150306387621,0.0114768637812228,0.135825806689941,0.0193033097535405,0.0274284414220864,0.020261177154828,0.0164407662787987
"19",0.253540114287191,0.0927523596646609,0.0247711814469692,0.0169760819432711,0.0259211084339535,0.0541363192138623,0.0163105001607383,0.0187556844698283,0.027281378999046,0.0218740626856566,0.0193000933048952,0.0349846375339109,0.0303370277010952,0.107758011726873,0.038997406224743,0.0218761825337985,0.091764353618029,0.0259287620414135,0.0290180775720189,0.0222095986840622,0.0255070577539834
"20",0.212892259154892,0.0540610555600394,0.0157161007334081,0.0129953197514539,0.0120644187626352,0.0681044051217065,0.0127299947991109,0.0150331601471391,0.0182676811825165,0.0212057175122165,0.0163922380660572,0.0160236300871038,0.0223141692925009,0.202809109998787,0.0685584475914706,0.0111818012383018,0.132882058709225,0.0207767488968045,0.0283106540857673,0.0208858204776881,0.0167952088311758
"21",0.221808179571309,0.0513066613843995,0.0164287624989894,0.0138907713507635,0.0146205997870536,0.0772374224651595,0.0132174015797708,0.016390514836751,0.0218155066831617,0.0242174038604517,0.0150000826659677,0.02260939551598,0.0290516429953027,0.161245426805326,0.0649454543669484,0.0134673309539204,0.130016604701848,0.0237361028593319,0.0293262085065159,0.0238780108094926,0.0157905158015566
"22",0.248817199659017,0.110465655600301,0.046751470729482,0.0239466796174439,0.0401197677197783,0.13238740041529,0.0188135012121666,0.018673370366418,0.024473253980206,0.0187205297081223,0.0173190286890936,0.0292574001039558,0.02987579316738,0.0406861160538644,0.0259176457602033,0.0219191752298196,0.0547989538170322,0.0263819290324442,0.0237945471402508,0.0270752761411715,0.0198053058565601
"23",0.251126568465195,0.0897548725133618,0.0346438164510649,0.0209539870578618,0.0310243514846095,0.120092028325892,0.0179070397423978,0.0189384287522405,0.0252590243656013,0.0210298857201727,0.0172880786064888,0.0273899250024478,0.031627150566313,0.0649939519366266,0.0356268919399777,0.0198233050776499,0.0742233756626987,0.0260981681220275,0.0264848735525937,0.0265445704699078,0.0191697061848711
"24",0.280947196662384,0.0264867266608511,0.0251407794765572,0.0259365690077461,0.0137063350164784,0.27194774875296,0.0290838824721418,0.0251876910889369,0.0305656147950404,0.0264224032161555,0.0269935350757832,0.00966242218376683,0.00940332017771836,0.024069286980312,0.0351326406246294,0.0129574437916456,0.0671259102204151,0.0137796576319986,0.0191499161232138,0.0128111865282882,0.0134897335129772
"25",0.272315586635023,0.0227012546160254,0.0206654577453915,0.0241865442248462,0.0131459094671814,0.27520309390508,0.0264292132492521,0.0239318227212259,0.0306224076675423,0.0268741727898149,0.0247112344549812,0.0099291952205895,0.0105411754127265,0.0313308969781705,0.0359220460812968,0.0119773696070847,0.0802346127130387,0.014057877945923,0.0193041861494943,0.0134099977169876,0.0125059446983249
"26",0.201448963105041,0.0440982848394979,0.0128676870480601,0.0129367710826734,0.00973593022328519,0.0644673862584381,0.0113541975403608,0.0144489447147321,0.0181294521857141,0.024874810438749,0.0144350027894625,0.0190793148234224,0.0209249967555415,0.203324054404289,0.0775963598589637,0.00969536165324369,0.152172945432061,0.0232232000266762,0.0276406527551273,0.0232396997084154,0.0143059843562461
"27",0.232366325664172,0.0629919234260549,0.013150477570912,0.01174552311389,0.0715352668857072,0.0346864033807009,0.0133162927870785,0.0162236388923171,0.0427633675735051,0.0154872333245742,0.00881590727522196,0.063692456142276,0.135581157792621,0.0823281112663442,0.0115017803360283,0.0368020975204969,0.0594652395949015,0.0248855702939871,0.0219111715164832,0.0248460577173226,0.0159039979254051
"28",0.255923756486672,0.0786706765548161,0.0329842400797474,0.0239689822908292,0.0257556347677035,0.101214900482628,0.0175557073074688,0.0209046510564236,0.0287764998167456,0.0299624508867686,0.0157501348702343,0.0423073045567634,0.0284155188942625,0.0455032160192709,0.0444369721670083,0.0194032159396042,0.0760196626866809,0.0350331967141999,0.0276811079011485,0.0331359780040448,0.0165961925169801
"29",0.245736000439754,0.0818730982264158,0.0278154149691135,0.0197552511552785,0.0250467739637461,0.110212168727454,0.0166516251647798,0.0177347056415152,0.0233953440359586,0.0215404786181939,0.0171941149413256,0.024486747203907,0.0293821263774976,0.0931307870868258,0.0409140817585662,0.0165732774007114,0.0910629534146025,0.025742428550837,0.0263928185950018,0.0268142207938265,0.0185455829346893
"30",0.438625298476435,0.0862094336477066,0.0330436582961498,0.0221637419712511,0.0120553715956942,0.00872974050864854,0.0308581215459517,0.025883347849376,0.0224837749320664,0.0232206490688063,0.0423684712708634,0.0115717272732161,0.00749133299161731,0.0402584593723967,0.045750160544599,0.0195704485741294,0.0379758376803735,0.0202747465716848,0.0253679401572792,0.0171238690717827,0.0289738685999718
"31",0.449076008837917,0.0882306031893116,0.0334017417651339,0.0215798692758484,0.0161473032130541,0.00849380004059425,0.0321914170804295,0.0265864107550554,0.0255632602783075,0.0215940926419157,0.0386420183430694,0.0131831940675931,0.0102781055016455,0.0337192562293322,0.0353556355392709,0.024025877470485,0.0320931297452653,0.0199396169444544,0.0245123439954354,0.0172192684952575,0.0281670465906234
"32",0.208076749496255,0.0520035304510949,0.0159249278038285,0.0125658521619742,0.0128888469388352,0.0777341106871918,0.0122831130561699,0.0145198632926119,0.0179720228530852,0.0206881935427618,0.0154751335738741,0.0176804954809603,0.0253646383004788,0.199730276116812,0.0647383359159675,0.0119256697562301,0.134978755657382,0.0202341441881191,0.0277208842986836,0.0211894984523536,0.0163049579753294
"33",0.246602632320448,0.0924489646503811,0.0352981246284223,0.0213054147027042,0.0276557939649938,0.127916247097248,0.0176535835505071,0.0180894980176723,0.0228925528041682,0.0211026916325264,0.0177774183447028,0.0267154053534818,0.0281297476926805,0.0664970843647,0.0377411115860408,0.018600355753844,0.0769029295492178,0.0253604539443001,0.0254702898148794,0.0265755602220678,0.0192641400050135
"34",0.234804820104939,0.0712226292679501,0.0235907251943934,0.0176374913948392,0.021193364607721,0.107602253651856,0.0152333560516936,0.0166849392683337,0.021875423769647,0.0216071371713643,0.016470927260737,0.0232834594938212,0.0293971718871853,0.118002470002134,0.0461601198393717,0.0151786434849568,0.105542097133983,0.0243690352038557,0.0266189331785349,0.0258571702546783,0.0176678317780049
"35",0.254696133243089,0.0804316409854512,0.0287452946575575,0.0196290874265414,0.0237824704745526,0.100252057772217,0.0174191613257063,0.0190410019152223,0.0251816684583265,0.024833861289273,0.0168069179690986,0.0315070089974499,0.0319155253351365,0.0739466137103095,0.0466484694458034,0.0194398270070558,0.0853456982531818,0.0270380148814762,0.0273720020101207,0.0278484171342912,0.0181191277081395
"36",0.257151206063825,0.109122309347594,0.0563151190363403,0.0244218292239372,0.0258743115029,0.110277293768126,0.0204459488280626,0.0215729783246119,0.0242743523488968,0.026018277616097,0.019209299112798,0.0386493722883338,0.0216565550379114,0.0246747409174132,0.0447730704664546,0.0247789463528755,0.0495476249947479,0.0281600931035745,0.0266360077288645,0.0262677254601604,0.0201729384764747
"37",0.265187500867261,0.105538307507665,0.0340335034381034,0.0218064043385186,0.0303554680312939,0.0592870457259888,0.0186677478271082,0.0213953181910646,0.0318075703192694,0.0271409257652011,0.0182546173723333,0.0582827827117611,0.0298374441000265,0.0427235208247352,0.0347740063952098,0.0278987110237411,0.0643202852909141,0.0316828196356975,0.0270863217175868,0.0262692211587053,0.0236504777578155
"38",0.239041293903652,0.0567931905070082,0.0183956024638362,0.015801209712638,0.011567873080861,0.0634864859743168,0.0147647442651292,0.0184298101474035,0.0226257077777028,0.0311311102512371,0.0166174744672843,0.0274893763668996,0.0229522495047561,0.118377555145696,0.0872886857917938,0.0140325812161194,0.121067403710723,0.0271660268371009,0.0307872270979504,0.0258597259599936,0.0163246658178983
"39",0.233322220376822,0.0655313890911648,0.020620792727452,0.015718271623568,0.0141676426166533,0.0849454718560036,0.0149942701199068,0.0167531156169706,0.0201185653778279,0.0240841594380531,0.0175192457433279,0.0214728019628703,0.0241420257324764,0.136496793542926,0.0672383753545554,0.0139948076058549,0.116572166190312,0.0228285586485456,0.0281482427903835,0.0235601186420153,0.0177709649423113
"40",0.254110775093829,0.090863954381499,0.0342137988890828,0.02155663215883,0.0254805516000488,0.116870636150056,0.0184680109538843,0.0191633924479529,0.0243345667862321,0.0234608897029244,0.0179262138235533,0.0290074291395325,0.0279129720045357,0.060826868690729,0.0423412341821732,0.0193174137763602,0.0757706525697474,0.026307525242213,0.0261495061990369,0.0269560875119079,0.0189608886958713
"41",0.294702535043796,0.122543435380353,0.038537647507278,0.0195987803479631,0.0258841813103707,0.0478311476294558,0.0218228701114795,0.0222161576644746,0.0262562144473496,0.0219887318040339,0.0218510384835376,0.0245979472073252,0.0264870836037372,0.0568602882384556,0.0470404514386397,0.0242566452680018,0.0544122816470333,0.025485656487089,0.030100724345564,0.0232494138418366,0.0242767681922251
"42",0.261273315129548,0.0948819144820569,0.0467329782578974,0.0226342807884781,0.0245328509461337,0.0986780999449435,0.0196111121806886,0.0219960881687409,0.0262152872094687,0.0285338781176539,0.0180133757733367,0.0431460033513891,0.0256127890088904,0.03026801218816,0.0503081435694887,0.0251985076380764,0.0574685115302737,0.0296602524067468,0.0283983858458013,0.0276739304946976,0.0191622829675295
"43",0.252386014928183,0.102231249837545,0.042545201875294,0.0257878241412368,0.0277381976567371,0.129828966703882,0.0193404610175799,0.0196554157228916,0.0244002609316952,0.0241846804043213,0.0181194015681226,0.0319126175685636,0.0232448574798689,0.0390582681887275,0.0369468485393775,0.0191988209476059,0.0626442026657334,0.0288897621688235,0.024393387892297,0.0287899422089279,0.0187036175525863
"44",0.241846403574943,0.0757054303738584,0.0272582715433095,0.0170580303705511,0.0182444825704233,0.101695781785114,0.0164040231747,0.01789540740762,0.0212671516993539,0.022781587900921,0.0185724640994054,0.0226148439669316,0.025704522109535,0.104341027354079,0.0585915581050027,0.0166567858328533,0.0990498724911354,0.0228654720680818,0.0287726029633467,0.0232670955856159,0.0194071850232194
"45",0.25134166791296,0.0822089997524937,0.0268897906698338,0.0185095076530143,0.0197230355339864,0.0925778006135396,0.0171167549351991,0.018164584415647,0.022332430174554,0.0232518570418688,0.0184605156573061,0.0239452519417671,0.0264813112627799,0.0985839357392337,0.0529917306655903,0.0167536385702006,0.0938645487977952,0.0245614301288346,0.0276638836793686,0.0252641634999055,0.0193131613541217
"46",0.242589070270428,0.0803784174422282,0.0254594368090121,0.0186302990052785,0.0191460713433676,0.101779582068298,0.0164136562103199,0.0171073510141375,0.020983798239845,0.0220976640676448,0.0182612073885896,0.0215536747386239,0.0248572397460629,0.111013943496561,0.0504325613662997,0.0148908251279529,0.100088188597244,0.0238998431067453,0.0264070072668298,0.0251494837685599,0.0188606789259725
"47",0.255486739089938,0.0814366009705981,0.0237168050846546,0.017890119793144,0.0163536462612806,0.0698208973518355,0.0170288170062835,0.0183084665172013,0.021897809698286,0.0242064830628035,0.0193402774058527,0.0212364523411442,0.0230529632340759,0.116717203536117,0.0616279967872981,0.015028374906917,0.0990067737404393,0.0248790277578576,0.0286083427735529,0.0246904275582433,0.0196657751224774
"48",0.254334677260555,0.0792734082094897,0.0317626017447645,0.020439712817459,0.0176434681552021,0.0966868483235995,0.0177854120967678,0.0201394824575196,0.0239183939684675,0.0295867083550176,0.0182192235026911,0.0337280566472128,0.0237225290089917,0.0605727539460399,0.0645367185314457,0.0186655648021225,0.0858960387621458,0.0282954464184048,0.0289712835920814,0.0274784240444931,0.0183432473555287
"49",0.248699690176535,0.10988088302824,0.0479069664603648,0.0261585039391704,0.0367074466504791,0.140987075739079,0.0198276945069573,0.0193239328149711,0.0253639486933963,0.0213805045909534,0.0167586746928836,0.0348294167052028,0.0277219943798602,0.0287600071995675,0.0269121386892737,0.0224470454974914,0.0497589666779208,0.0276330167235771,0.0223071744345514,0.0283874748774606,0.0182474435220653
"50",0.24440970492351,0.110468211807994,0.0448209678260212,0.0251093993252944,0.0377426117841402,0.150115113940738,0.0190961121405126,0.0180652378450274,0.0237539015208837,0.0191630760717071,0.0169168547747898,0.0297666265454499,0.0285724624792654,0.0376591893413945,0.0251308656372598,0.0207957641171102,0.054527846667423,0.0258149163019071,0.0217948153858922,0.0275986612001554,0.0186776603635238
"51",0.24753012757082,0.105999902889941,0.0429596021732197,0.0258626428755655,0.0352111107504909,0.145947520808776,0.0193672386793089,0.0188242104778056,0.0249117549818144,0.0208218257272457,0.0170920903678596,0.0301161532638684,0.0270312777295816,0.037617509904447,0.0275252879107408,0.0199228686761457,0.056909600355511,0.0272693235536855,0.0225093534082674,0.0282291095696607,0.0183414883252451
"52",0.230886527395204,0.063754914567269,0.0208883899377579,0.0162776088664619,0.0129045146801152,0.0897276865208021,0.0149320649817307,0.0168786933302151,0.0198397736134601,0.0258560620757373,0.0175751747109706,0.0225156127782854,0.0220094751261531,0.126830719041984,0.0730716525108685,0.0134571045465293,0.119519517709364,0.0235569701145146,0.0281065283636201,0.0240912344421534,0.0173197746868036
"53",0.262330634603432,0.0818156845013327,0.0304976937231779,0.018549379900254,0.0185984539575075,0.106129686998722,0.0207333880110887,0.021577718750154,0.0259793759700388,0.0258004914013678,0.0202066388963619,0.0234399656907283,0.0255383489191676,0.0652548728116661,0.0631528223681811,0.0201253146644658,0.0778417540594277,0.0221567884119997,0.0293424638406137,0.0211592308665315,0.0197692916537818
"54",0.291765728305799,0.217530522034192,0.0440264784796778,0.0354269348618109,0.0414559765071835,0.0405379400209566,0.0368302920520747,0.0269263975372878,0.0418767569036524,0.0191712472563027,0.0240356707097331,0.0217370720575057,0.0136835909680663,0.00889230299601664,0.013938201939372,0.0245600364946216,0.0164661233757252,0.0237616661983918,0.016416581752098,0.0163602969894987,0.0246001825600342
"55",0.284629838655396,0.14138319346325,0.0467587755860187,0.0259785350099455,0.023356249392223,0.111493020939356,0.0317668016227556,0.0241897215798611,0.0280291700261561,0.0233833987870129,0.0232306407337653,0.0216641627483995,0.0193569446293089,0.0184818390458745,0.0390616312881572,0.0252256676292335,0.0330889868120797,0.0190201097641154,0.0209278070296909,0.0183702260506042,0.0206032792067963
"56",0.293903606828508,0.17490722317953,0.0269446348030554,0.0288428701670886,0.015739827868387,0.0936824716596489,0.0412132504981495,0.0231416461625228,0.0312398968259085,0.0281399224875142,0.0250418922771816,0.0287752103437087,0.0168534015532878,0.0154591945564378,0.0337882149029012,0.0259384463446911,0.030980649045947,0.0152045944213666,0.0136648410982289,0.0154970010756925,0.0210412039002435
"57",0.28132565018974,0.186817427593191,0.0331255448509844,0.0336021240442245,0.0171420339975181,0.102586101764661,0.0420228717966328,0.0234120422839541,0.031349551305603,0.0284247752961835,0.0240075215517602,0.0318669504569648,0.0138397837699379,0.00868379475745702,0.0278938533161435,0.0257123848553423,0.0237823754502165,0.0163463930013602,0.012365184223794,0.0159740047769139,0.0197196307174183
"58",0.376252884659354,0.0510669714390012,0.0289932831206673,0.0201815143317692,0.0200289766841477,0.0340577325278008,0.0205938367318013,0.0201905731364095,0.0220571660457354,0.0235271854621662,0.0269874155075749,0.0250944197355313,0.0203440119249481,0.0753674847487028,0.0349462728976337,0.0226234502506921,0.0811257853600639,0.0230114359173878,0.0254099706904501,0.0260566369046283,0.0220829919235347
"59",0.257020134154501,0.06785583912975,0.0138676119660938,0.0178456338657579,0.0152034528577516,0.0381325814701628,0.017036707115205,0.0198766579183717,0.0278549639477443,0.0228964314629022,0.0194341719707425,0.0107816808278152,0.0177628856183418,0.185954924661797,0.0557205649328152,0.0092219436901809,0.105727644810368,0.027330585443417,0.0301887469343594,0.0221010822957964,0.0181857549261264
"60",0.217925420141652,0.009519035182307,0.00832133167469423,0.0108811527245655,0.0189125620707979,0.0543167326905091,0.00840245861520246,0.0152623585639228,0.0271429600434053,0.0204320323952808,0.0116380033848952,0.017047235153834,0.0295581948015801,0.227571429155808,0.028240200173102,0.00962841987812644,0.198892888348447,0.0243394160904217,0.0294665675527782,0.0224087684845147,0.0100928328741564
"61",0.221969566263675,0.0109331723571719,0.0118323425362086,0.00984601622217314,0.0148326130333641,0.0580319948365155,0.00844033184268478,0.0150081276566816,0.0213989310261628,0.0219641099553986,0.0133552465850665,0.0221691403681527,0.0276112114935089,0.200631941815715,0.0423799245247036,0.0125996606976757,0.199782349599765,0.0217951585623705,0.0321485575739153,0.0213650990133166,0.0119045040357734
"62",0.261438968521031,0.114502960819403,0.0313187906480616,0.0319308511188703,0.0946894077034353,0.0882783044092647,0.0266394295384285,0.0263151465715601,0.0625097699002785,0.0171803506993593,0.0155144047415099,0.0270717727680328,0.0351832008764563,0.017300669801854,0.00816169599384926,0.0242232913124613,0.0283450469215599,0.0301935684005222,0.0195521289565182,0.0206931629346912,0.0189570773628526
"63",0.202823723325036,0.0389547459351635,0.0109971718460485,0.0174740734151756,0.0122944074522452,0.148714155234305,0.0162113215866086,0.0187116505107722,0.0284509587035282,0.023440887369018,0.016605980653767,0.00795652501421119,0.0158008414464849,0.164513642509924,0.0571272138313008,0.00670375840176417,0.136884610844274,0.0204457796110668,0.0259270887486652,0.0170279517761993,0.0129335117844426
"64",0.331522679231652,0.250620569886246,0.0218812745552276,0.0262338097301165,0.025079807254358,0.00623023165167516,0.0345550017420034,0.0259043279037719,0.0381121180557756,0.0160648866885296,0.0303930942991111,0.00881446341693177,0.00930415613497832,0.0332921483841951,0.0190262116899064,0.0151329019167938,0.0195261089788316,0.0235622714430029,0.0194990166312697,0.0139035616558983,0.0313413587497244
"65",0.284635133151302,0.327772747481057,0.0419224842970859,0.0317456075739616,0.0369872191549811,0.00726241418982337,0.0363423881811146,0.0244326698176405,0.0345709743623671,0.0126993932514856,0.0258247889526597,0.0113358149783666,0.007106625108354,0.00612172619944859,0.0091426607183448,0.019537297800176,0.00731579416012974,0.0216113069842292,0.0136641057018569,0.0123656194336682,0.0276032285019468
"66",0.269340803209799,0.120323496828179,0.0453131264168843,0.0177654570535598,0.0646695928091958,0.0676039530257689,0.0208350965457744,0.0199648019141103,0.0311064411460882,0.0156115079972121,0.0141240624733631,0.0417215797801082,0.0659189654145201,0.0255749706518044,0.0173277475669049,0.0430701160029352,0.0311452755243793,0.0222808150542657,0.0229378384020619,0.0237762759702072,0.0195880762128776
"67",0.260941314553213,0.10717640022082,0.0442556033217235,0.0190117183596388,0.0397311281747864,0.103759621405535,0.0195110715929973,0.0193532817698913,0.0256521613560768,0.0188696116504555,0.0167424765026333,0.0354076716926602,0.0430177717613707,0.041365837155418,0.0297655476459465,0.030643699887496,0.0512504483752519,0.0229909337409023,0.0254534661520418,0.0246028235957827,0.0204974110853591
"68",0.257513863711428,0.129815112821685,0.0414289096527576,0.0206438858645143,0.0384374033096537,0.0738271949522757,0.0188743999518062,0.0191756505399405,0.0267402641596466,0.018878039050873,0.020301773984692,0.0397732672692053,0.029971804551643,0.0515891085685593,0.0261236533023229,0.02830727607503,0.0585589002427745,0.0248718591992979,0.0253414663788848,0.0220155778790161,0.0278105885339944
"69",0.223259032448429,0.0663354324771243,0.0249529986956154,0.0151607553519889,0.0248006632186447,0.0570533199491661,0.0125268054918483,0.0185509439236045,0.0265878636451557,0.0212820286288936,0.0183690540150813,0.0294225925411492,0.0248134595371622,0.144005210353029,0.0452598662487691,0.0171376784703326,0.118958966810703,0.0291259179601707,0.0362724689562366,0.0211124730405756,0.0250124682363207
"70",0.220942779391767,0.0650925931988181,0.0337195917558621,0.0170391901058441,0.0236807018602263,0.115194615125952,0.0135540618152976,0.0181471563590636,0.0217371071863804,0.0200586882389371,0.0181372052878033,0.0194785099452814,0.022632973202014,0.112777084504246,0.0517559896939709,0.0145850105094716,0.107046360053323,0.0265098191956108,0.0346061359166031,0.0229846506207274,0.0203197760327999
"71",0.253538575612528,0.101852821647068,0.0529301124796609,0.0271160387543103,0.0308607059911863,0.160908206201407,0.0250299435863513,0.0252828432775126,0.0314115774325592,0.0224160191316155,0.021540519509865,0.0189528884035686,0.0173910489392104,0.0222743611726909,0.0357918555034672,0.0197667771992296,0.0428895958837976,0.0242545982334525,0.0265524099630081,0.0192798417988734,0.0199592592786368
"72",0.273350545609852,0.123343746843103,0.044910845349486,0.0328589786791999,0.0419722418518248,0.104577508220527,0.0250984468585312,0.0232806504205462,0.0347703652843819,0.0244214435063432,0.0165745849254796,0.0355259698135934,0.0258588659505325,0.0159371833844599,0.0216125892707279,0.0229267089074959,0.0342642612235529,0.0319948584867756,0.0203717700914296,0.0296583078962522,0.0166901274259057
"73",0.261326622737706,0.117235957888855,0.0487079634703738,0.0270375946044902,0.0416246812115895,0.134605289459354,0.0257995574502095,0.0225264069730596,0.0325918719509976,0.0222755510283534,0.0159546916321073,0.037992612133971,0.0323033883359199,0.0131129059978022,0.0222158737554563,0.0299831345612841,0.0302622315660835,0.024175606136032,0.0195271014828191,0.0242057756038234,0.0165351820197127
"74",0.256773803262573,0.109794004502075,0.0469596813559214,0.029125323557474,0.0443473218717504,0.13381616584626,0.0243006961020311,0.0223818063532367,0.0343108968946825,0.0239104336081691,0.0144776323527177,0.0450858386942844,0.0330718771182819,0.0118937900725184,0.0203280121421717,0.028551325640722,0.0308591149397934,0.0280138740924806,0.0191352855344462,0.0277304595082431,0.0151326565501665
"75",0.256626212815914,0.0948863808532911,0.0398875952227691,0.0251506659600711,0.0575959056821617,0.0581307751969778,0.0203072996979363,0.0257111185798135,0.0498646900687989,0.0269292649362292,0.0136829354550154,0.080963544118811,0.0396204756691445,0.0133101373346182,0.0180389774050957,0.0369585523811909,0.0340427580831024,0.0378643213629251,0.0249520765490372,0.0267507394134283,0.0187255732136686
"76",0.274447335548315,0.0790816856398326,0.0330971241195446,0.0208732506864667,0.0501031031133862,0.048610031745423,0.0262673311768904,0.0334689814547785,0.0702723940811856,0.0307128587459178,0.014185257105599,0.0700209111307626,0.0463307402109607,0.00942885941373189,0.0235234972035925,0.0478820816536888,0.0266569656565793,0.0304746434169359,0.0278331400992729,0.0188589475568401,0.0178708602402957
"77",0.270512078911636,0.0890890737359607,0.0398317977874714,0.023999896516223,0.0441604080531767,0.0593870537814248,0.0240195604209643,0.0307860802813826,0.0560889654837058,0.031028419303913,0.0162443574931789,0.0652518684503039,0.0331411437096301,0.0125935080564254,0.0270992081042066,0.0380929786894974,0.0342074466267238,0.0340350364328559,0.0288468787754264,0.0215308828537132,0.0200533565321806
"78",0.26641966830855,0.108622194166236,0.0443874305389498,0.024468638778412,0.0451113963417709,0.0699852741560088,0.0224987545726203,0.0260718505018674,0.042861529832977,0.0256166041791939,0.017872245548833,0.055272308802583,0.0305632323580188,0.0186575829467077,0.0247455003343877,0.0342008945545383,0.0393869424114226,0.0312564069203148,0.0268542971918368,0.0223117337136929,0.022835513841078
"79",0.245669719423846,0.107233511773823,0.0372683892146622,0.0280032672594046,0.0527752400629977,0.15278625711405,0.0204743891564747,0.0182237138736151,0.0300340045678066,0.0192482033191664,0.0132838317444407,0.0383595546824587,0.0405904365539446,0.0242155019721728,0.0152801324580523,0.0231144728720935,0.041961386301391,0.0276895820516107,0.0175824513942685,0.0313090852097197,0.0148968689940012
"80",0.233118278770446,0.0567203577568602,0.048956379850869,0.0186466386528456,0.0358197647640564,0.114755892530456,0.0155265689093868,0.0267746274651589,0.0352877788280466,0.0227157462236095,0.0190085005263584,0.0200971860281164,0.0225734500929633,0.05674421399481,0.0518650408039657,0.0186090624956437,0.0789991734451591,0.0332018450181638,0.0486236283857186,0.0203813577032057,0.0215745077541596
"81",0.236912466872222,0.0581637077900784,0.0489159399802142,0.0185749867935552,0.036810523129727,0.108076689779635,0.0158117143743781,0.0271275471879909,0.0359797549033223,0.0225004016947155,0.0191977873170589,0.0199067467130948,0.0231647224097491,0.0571069247087288,0.0511267647138896,0.0190746199257362,0.077141506900833,0.033186421364426,0.0489906240352866,0.0202883816975154,0.0219417677078433
"82",0.21866679975018,0.0442380369002495,0.0353443077006998,0.0152783098347257,0.0244247149293439,0.104080250977301,0.0135315411966781,0.0246292707810473,0.0315065580424604,0.0236505464859136,0.0184708342536065,0.0171217044963544,0.0209761713491328,0.0938736558070608,0.0711716077752336,0.0151936206429474,0.10749698210704,0.030263529789692,0.0510406427635397,0.0187819120472265,0.0202590023695679
"83",0.211796197597981,0.0395617764416328,0.0237967320909322,0.0118198584088647,0.0124637542898873,0.0447706765333763,0.0122638442644238,0.023244109953093,0.0261378661552931,0.0238411864034285,0.0205987893562222,0.0105634782193272,0.0131503525566014,0.159828048879003,0.114812623792687,0.0107618340931238,0.122679818269877,0.0267734169294954,0.0550501890071746,0.0150677178788014,0.0210177288787746
"84",0.22556359850287,0.0548464785239326,0.0426663419599062,0.0171370216790891,0.0297036402844705,0.111873159185599,0.0146253159092014,0.024677681776257,0.0308359952082158,0.0208810727557088,0.0201864157091414,0.0150278919353467,0.0195868349788945,0.0856876969103371,0.0578185973470623,0.0153590133115821,0.0938432027613953,0.0299084970803602,0.0487018904032956,0.0187004263731481,0.0223692274041859
"85",0.27606117237442,0.0207236570583086,0.0385156002711148,0.0188906976742355,0.0307396819037102,0.16745201523539,0.0167124031061736,0.0251840713141563,0.032706312460697,0.0227734952925459,0.0219345445284304,0.018785962415338,0.0197022765919018,0.0466289306748207,0.0325240778466903,0.0196976657473123,0.0973019689091904,0.0227878138256296,0.035713073384927,0.0180307459553765,0.0171338334296313
"86",0.328505840959281,0.0304963365519665,0.0441432067541809,0.0218007751875879,0.0269323937142551,0.0824792594001325,0.0204822510711097,0.029492045804957,0.0336982149772119,0.0238146107694399,0.0304861083246169,0.0136919902118136,0.0129794151317229,0.0512682912989622,0.0402725975644064,0.0182927803264165,0.0845691403024054,0.0255545804889799,0.0406894850024641,0.0176887157454051,0.0226619604126842
"87",0.273879019677701,0.0200059804678951,0.0387339663579306,0.0156589097321952,0.0150294538157169,0.129090890352471,0.0163608732932322,0.0251500131024223,0.0251622431972391,0.0265522134674625,0.0271915092597206,0.016114574113279,0.0125845724697034,0.0593564227553131,0.0689922501461166,0.01807728152172,0.11690895136422,0.019538550459448,0.0412559346041273,0.0148751739387316,0.0194812159033541
"88",0.283390328055255,0.0234801260433581,0.0463452732345526,0.0215178419756481,0.026507924963915,0.157710791691723,0.0177958926053917,0.0267191218903697,0.031318694011149,0.0251237786353691,0.0248898544682335,0.0184601034846384,0.014111480458041,0.0374012850725217,0.0381153212117273,0.0185299020722384,0.0905353034645285,0.024636608299695,0.036730527401058,0.0183190360304643,0.0183608049301228
"89",0.25258811210532,0.101124456885462,0.0456612996080468,0.0198584240184722,0.0369018511858593,0.0562140275356749,0.0163126092154789,0.022884780765955,0.0308640812334418,0.0206742585882085,0.0224879938822085,0.0310452623217157,0.0214890384527516,0.0673086116286005,0.0366130696541096,0.0228701756304429,0.0727399727847054,0.0322958261148258,0.0381158728645815,0.020910878095532,0.0310393974286076
"90",0.241052506783087,0.10272233343278,0.0553948681558168,0.0213032390557445,0.0666004781069476,0.0749014285542089,0.0163892674769351,0.0225100979374391,0.0360806087558387,0.0182056468955913,0.01732482671822,0.046619384800821,0.0336272520452469,0.0326957422222045,0.0194258025323806,0.0316251289819409,0.0489236382131406,0.0331664222578071,0.0320612659725257,0.0227684259107286,0.0266016351905952
"91",0.245439808765578,0.126762605163859,0.0675994627296989,0.0237636696854559,0.069220988672858,0.0638353141965498,0.0177952636504953,0.0231288910856815,0.0348082656372931,0.0170232394627341,0.0190964000076156,0.0409228097922847,0.0259871546928076,0.0240305322467366,0.017362425633536,0.0310427350300624,0.0378678536151562,0.033295464944842,0.0305285664157844,0.0217222901276433,0.0287662584433272
"92",0.246598787029337,0.0781646755352394,0.042808046227826,0.0185840368108798,0.0311414964239504,0.0907899316988008,0.0158901445383841,0.0217126360802803,0.0266146455176639,0.0204262693947543,0.0198216170176189,0.0209023594054142,0.0243943594418665,0.0804502437115821,0.0475462402736637,0.0185086259967886,0.0819168149624631,0.0292767000021643,0.0385064356180634,0.0229360866918923,0.0230098476213667
"93",0.243312782551721,0.118564200625852,0.0482132690498158,0.0240933643170418,0.0571247535071519,0.11605141995046,0.0179560436522061,0.0169026978548478,0.0252817934459285,0.0176477799179559,0.0130131224880786,0.0511939941767293,0.046743158830375,0.0233622520560626,0.0157812387997505,0.0299373964412476,0.0388591356717261,0.0277252630029374,0.0190009531074377,0.0324625835512387,0.0167727970014361
"94",0.242124432786656,0.124101818532522,0.047992958271403,0.0224135141819357,0.0678021152487491,0.0605518543142433,0.0167989459923881,0.0188469647323435,0.0322870483923263,0.0184097300983889,0.0138547286652468,0.0771683468458639,0.0444825889984829,0.0210652793530228,0.0136052735532414,0.0380005838805012,0.0365465208159299,0.0320209370935348,0.0219172349417326,0.0279799834155833,0.0220291398859045
"95",0.246546116649416,0.104104196511464,0.0444686392562132,0.020490476350306,0.0456070440498113,0.114438640608621,0.0168155831039998,0.0174553939706802,0.0238985536676224,0.0176887750667708,0.0153363380061058,0.0370603680463266,0.0421828099058027,0.0473088479149502,0.0242349791054421,0.0261883346930138,0.0572459294382634,0.0262374622267649,0.0244336144749232,0.0286988358121508,0.019559061141352
"96",0.242048915719346,0.120357751861678,0.0465986308795513,0.0223287800386807,0.0674047680634415,0.05852814744359,0.0165691062017903,0.018936008988953,0.0329263440340926,0.018944716546967,0.0135120909948932,0.0811526582246068,0.0455937057681594,0.0209505413129508,0.0137544680005354,0.0381125260927829,0.0370233392587933,0.0329593384666157,0.0220756152583598,0.0286709196131756,0.0215516272310361
"97",0.219744956336665,0.0453540387494458,0.0171276473993064,0.0189404408215271,0.0207227687822418,0.0960707858727135,0.0136033771365187,0.0197660435951488,0.0305434974122096,0.0247339774059685,0.0153593629965897,0.0157619921667278,0.0215540974260155,0.14446108506914,0.0491098311128691,0.0093837431876484,0.131583156600153,0.0326082085920818,0.0331256538271527,0.0253764355108614,0.0150688999990155
"98",0.250797953295679,0.0557518991236584,0.0294236374665528,0.014131990067726,0.0624424636100974,0.056531002409121,0.0171675592889714,0.0299440733412245,0.0607219619837519,0.0198997782671295,0.0165511594801101,0.0296367197813226,0.0510577453313094,0.0629250452808783,0.0285430059173429,0.0322174970881644,0.0652266548616344,0.0292691629799078,0.0472581814380546,0.0157828832706993,0.0247196257166647
"99",0.186994811571787,0.0369718049474851,0.01822792967279,0.01564698245112,0.0169805324392118,0.128320284198052,0.0115432987364081,0.0178784310106718,0.0246421187108668,0.0206570372928495,0.0158670257661918,0.010624932585155,0.0161783110242531,0.172699657736107,0.0564318534903721,0.00773906636924722,0.146967198325082,0.026089930316391,0.0350328209117048,0.0191959899845874,0.0153099824596673
