"","mean.other","mean.Saprotroph","mean.Ectomycorrhizal","mean.Wood_Saprotroph","mean.Animal_Pathogen","mean.Plant_Pathogen"
"BART_001",0.17238460315566,0.350743549619909,0.31723049768643,0.0940697520453618,0.0305870402602876,0.0349845572323511
"BART_004",0.199289895464637,0.429751000864509,0.177567708413862,0.11355736521362,0.0341302253850554,0.0457038046583162
"BART_006",0.191976583635972,0.406757427099371,0.220352165337763,0.104846815355529,0.0335385709292685,0.042528437642097
"CPER_001",0.195790646647234,0.453323782480667,0.119822624121956,0.107822913331272,0.0336829891463132,0.0895570442725569
"CPER_002",0.214507019351798,0.471987314408212,0.0768406228854183,0.110164116739981,0.0344796366304039,0.0920212899841874
"CPER_003",0.198793213111743,0.456437141830329,0.11145931913046,0.108741352879234,0.0340123287687368,0.090556644279497
"CPER_004",0.196925493856872,0.454455302814514,0.116186010936496,0.10856500279058,0.0339005166156398,0.0899676729858979
"CPER_007",0.203529813181162,0.460891915557504,0.100818736428816,0.109348794482458,0.0343076963517811,0.0911030439982777
"CPER_047",0.202367439593662,0.460483258050387,0.10199409642088,0.109486255413403,0.0341532770252573,0.0915156734964112
"DSNY_001",0.109706926603651,0.234419118458139,0.558105729338974,0.0570463807994576,0.0186562989612431,0.0220655458385355
"DSNY_002",0.118136283958644,0.24855590232005,0.531100759210272,0.0598088232294736,0.0195608739882646,0.0228373572932959
"DSNY_003",0.118446459247334,0.256511875756059,0.522130973612228,0.0597434129761077,0.0193017774597289,0.0238655009485425
"DSNY_004",0.126023217905712,0.262257192694344,0.50623001536242,0.0619622846892828,0.0201763031641972,0.0233509861840441
"DSNY_009",0.121927958590209,0.258258703575708,0.511863691512535,0.0632903922178053,0.0203508124770823,0.0243084416266602
"DSNY_016",0.107761031298945,0.235341785827882,0.552948600776067,0.0606502444610879,0.019314332243089,0.0239840053929287
"DSNY_043",0.104415715005858,0.226810887067521,0.572152140320146,0.0565690967972859,0.0182153335456059,0.0218368272635822
"HARV_001",0.160481024683275,0.337297286033484,0.361202785964789,0.0804896887541499,0.0287869770768009,0.0317422374875011
"HARV_002",0.184119728509809,0.408428357052384,0.245946873909663,0.0900871979005479,0.0318657098595731,0.0395521327680237
"HARV_004",0.198861386726654,0.509250932509925,0.0848762164716187,0.115413703497947,0.0336269027590658,0.0579708580347896
"HARV_010",0.142144266398198,0.294558659584744,0.439388707093448,0.0715678737188486,0.0255847761141126,0.0267557170906501
"HARV_013",0.165151487370803,0.344007134000281,0.344492272046865,0.0821006224460388,0.0305254000619955,0.0337230840740166
"HARV_016",0.154087747593871,0.331379094576197,0.368816264900008,0.0846108857832029,0.0282684036084608,0.0328376035382606
"HARV_020",0.198556920136989,0.579379066595158,0.0133657977283441,0.103371995805016,0.0306635203685158,0.0746626993659768
"HARV_021",0.148323748871791,0.304421348406007,0.424108789738756,0.0695939495012617,0.0263893486695993,0.0271628148125848
"HARV_033",0.17865225706785,0.405539686988009,0.244433592037139,0.0985711627376879,0.0319977157237597,0.0408055854455534
"HARV_034",0.150298822629464,0.317476193960054,0.398642702624221,0.0777484066940788,0.0268514500350075,0.0289824240571745
"HARV_035",0.14979568968841,0.317007044892675,0.398928145175337,0.0784757632312277,0.0268042287561781,0.0289891282561723
"JERC_001",0.0845291701388681,0.144079256695876,0.691580400668994,0.0451153559907965,0.0171410321064011,0.0175547843990649
"JERC_002",0.077646741146953,0.130599256364242,0.723752472299441,0.0382475271776175,0.015152960844944,0.0146010421668024
"JERC_003",0.0836317405267325,0.142414417323338,0.695618086386102,0.0441661411198375,0.0169970037670813,0.0171726108769085
"JERC_005",0.0782204258369175,0.131864557978471,0.720392800465417,0.0390132752046681,0.0154590385180862,0.0150499019964405
"JERC_006",0.0803335812101506,0.135494829440675,0.712171694941995,0.0405533330948267,0.015843767669604,0.0156027936427479
"JERC_008",0.0795436216383219,0.134929050419565,0.713414866528364,0.040641310457659,0.0158256723077738,0.0156454786483156
"JERC_047",0.084462897341982,0.146569438084345,0.690044967439197,0.044520196969512,0.0168885013043591,0.0175139988606051
"JERC_048",0.0812605010399282,0.138393160165686,0.706016450777884,0.0418593951339949,0.0161077478009404,0.0163627450815658
"JERC_049",0.0832451179920683,0.142869173302309,0.698275563241477,0.0425532831205897,0.0163188364267129,0.0167380259168435
"ORNL_001",0.155161248803499,0.457488700513527,0.21155114963038,0.0978510897220191,0.0300343901449447,0.0479134211856307
"ORNL_003",0.150144405202009,0.428146755775611,0.254831728701614,0.0935849957774022,0.0291920274831749,0.0441000870601895
"ORNL_021",0.164636744353925,0.56805570486812,0.0537256943361144,0.112468500661563,0.0303217840784178,0.0707915717018603
"ORNL_029",0.158060775725709,0.487681545118813,0.16525163228269,0.104843905439637,0.0300883837479225,0.0540737576852289
"ORNL_031",0.156583217085099,0.599606961321976,0.0223621732718054,0.112696049847272,0.0282224881389905,0.0805291103348568
"ORNL_037",0.141952501095611,0.392829097611431,0.313137225776625,0.0851928545666126,0.0272480348163934,0.0396402861333277
"ORNL_043",0.151573572543813,0.434713590215064,0.246966996268664,0.0936999321295362,0.0289740518975201,0.0440718569454028
"OSBS_001",0.101709460433094,0.307621234184005,0.47915480219849,0.0666042489116802,0.0197484717483859,0.0251617825243444
"OSBS_002",0.0737160275191453,0.232307390779848,0.607739611794398,0.0515087734197034,0.0152515835420504,0.0194766129448547
"OSBS_003",0.125150655465932,0.423710779945521,0.309319265619711,0.0830548534444546,0.0229952582285564,0.035769187295824
"OSBS_022",0.106612265883076,0.327199319481264,0.438919465907595,0.0760201574741967,0.0216921572993776,0.029556633954491
"SCBI_002",0.159702562602959,0.568280329701504,0.0411548782538872,0.109658097865203,0.0341741772522788,0.0870299543241686
"SCBI_003",0.154712275397984,0.465997134574599,0.186611172793969,0.0981609250592366,0.0344813157188818,0.0600371764553295
"SCBI_006",0.158706265831224,0.56824826600581,0.0405965700275656,0.110385299136215,0.0342285786638278,0.0878350203353584
"SCBI_012",0.157677679074736,0.567924002562637,0.0424367481412359,0.109984788008032,0.0342109981341513,0.0877657840792078
"SCBI_033",0.160159317997537,0.569259139865444,0.0387982237371752,0.11006791588052,0.0342006446977508,0.0875147578215725
"SCBI_045",0.161306601847239,0.57284057865806,0.034924744988634,0.109576012509491,0.033833382897705,0.0875186790988706
"STER_005",0.211612078970382,0.457904166460888,0.0942165565446269,0.112407407620718,0.0348016980764637,0.0890580923269204
"STER_006",0.224322176129932,0.470093317543543,0.0671638337072191,0.113425716296616,0.0350479045681855,0.089947051754504
"STER_007",0.217358917427387,0.462133006286796,0.0844947183223849,0.112397423263767,0.0347489951155639,0.088866939584101
"STER_018",0.210169060795872,0.457430744512397,0.0969181324534315,0.11222492934953,0.0346724679762378,0.0885846649125314
"STER_026",0.22322551278375,0.469635530379111,0.0714201314055469,0.112353302618064,0.0346809659443252,0.0886845568692028
"STER_027",0.212185675944163,0.458803597831438,0.0931940029136899,0.112237437962374,0.034693354881448,0.0888859304668872
"STER_028",0.208291823498469,0.454626491222394,0.0999938984968624,0.112672562241439,0.0346692927653062,0.0897459317755288
"STER_029",0.219193720030739,0.465241870516439,0.0780863216034595,0.112801043472083,0.0349123310340092,0.0897647133432708
"STER_031",0.223523060785604,0.469577893727567,0.0674712964921992,0.11393508001792,0.0350836477713194,0.0904090212053901
"STER_033",0.209327355944568,0.455644298946352,0.0986182013291296,0.112356170469819,0.034775980006677,0.0892779933034534
"STER_034",0.198623067014477,0.441646104741879,0.132595650722416,0.108264319687917,0.033809285058197,0.0850615727751136
"STER_035",0.19645014076966,0.440229263197906,0.130815007089133,0.110579346911233,0.034254530012121,0.0876717120199462
"TALL_001",0.173088008566125,0.543232523643991,0.0912811689559248,0.109207606779327,0.0289827229211135,0.054207969133519
"TALL_002",0.146291872229289,0.432532083748598,0.258963399361819,0.0941015167472419,0.0270378283179239,0.0410732995951287
"TALL_003",0.156386571482657,0.595705283882104,0.0248898400868121,0.118883614782013,0.0275667644689375,0.0765679252974762
"TALL_004",0.107780643651172,0.275581898857789,0.508698618369651,0.0638421687713562,0.0206625804132096,0.0234340899368234
"TALL_006",0.146905593765437,0.442899454994182,0.24196398953086,0.0974271211748591,0.0274176654103116,0.0433861751243512
"TALL_007",0.161596179288519,0.523161575002896,0.113252559364181,0.113680971480819,0.0301376841280612,0.058171030735524
"TALL_009",0.109193406289213,0.297539721527398,0.474396754328105,0.0702987007199711,0.0216469659147765,0.0269244512205355
"TALL_044",0.107682346968908,0.279716667211253,0.499912341585692,0.0667123318013404,0.0212444141612928,0.0247318982715134
"TALL_051",0.107066179024813,0.272718752987406,0.511167734720348,0.0650220205406028,0.0205792313510428,0.0234460813757879
"TALL_054",0.109819639744749,0.282545702686168,0.497609391906812,0.0650259755677065,0.0210255414978944,0.0239737485966699
"UNDE_001",0.215201901078097,0.488193435729592,0.0905276301173479,0.105195280651234,0.0378791083066269,0.063002644117102
"UNDE_006",0.200488038007455,0.471046884461682,0.127987389158151,0.102125804254443,0.0371136307837398,0.0612382533345295
"UNDE_007",0.207880503069694,0.479349281093238,0.109517892167168,0.104059549023475,0.0374862203307743,0.0617065543156512
"UNDE_008",0.20969573880278,0.48357119605357,0.10127906538904,0.104929976746729,0.0378976529174346,0.0626263700904462
"UNDE_013",0.207610903616748,0.480041284694836,0.106588836152994,0.104977070461444,0.0377833523955511,0.0629985526784276
"UNDE_014",0.207404586875493,0.477002576088058,0.111417671283636,0.10413621311599,0.0376309319855853,0.0624080206512369
"UNDE_017",0.208389724936198,0.479538333515187,0.110020483048369,0.103299651098966,0.0374845539400823,0.0612672534611972
"UNDE_019",0.207203702393278,0.479651845468406,0.109174494365565,0.104540895570915,0.0373830224755879,0.0620460397262475
"UNDE_027",0.207454872788904,0.479870204315472,0.1071605493443,0.10470456789336,0.037959283271822,0.0628505223861424
"UNDE_032",0.207694525979894,0.476803105441999,0.112654128618541,0.103591177575546,0.0374369107951385,0.0618201515888813
"UNDE_034",0.207491172931777,0.478399608576746,0.106968223986964,0.105263207724834,0.0381555688912439,0.0637222178884351
"UNDE_035",0.20739523793851,0.478281164481772,0.112084531270535,0.102870049491935,0.0373762109215034,0.0619928058957442
"UNDE_037",0.20744166721928,0.543308365363375,0.0269679088500003,0.107922061796305,0.0354714326411424,0.0788885641298973
"UNDE_043",0.185326764603407,0.379640375351022,0.265199021164527,0.0895102294244193,0.0357635665644822,0.0445600428921426
"UNDE_044",0.170091447388213,0.33658620779985,0.339979359075167,0.0814807488379352,0.0334743128558299,0.0383879240430059
"WOOD_001",0.239555739197216,0.383761037586054,0.0845039734947699,0.143661014695496,0.043553508888424,0.104964726138041
"WOOD_002",0.237576093182936,0.382591300839761,0.0888424022663248,0.143614849963261,0.0432909947836661,0.104084358964051
"WOOD_003",0.2404540946493,0.384271174275297,0.0834864063451002,0.143126723532475,0.0438404393119403,0.104821161885888
"WOOD_005",0.235936865705585,0.380581250861848,0.092750273790984,0.141997685998611,0.0438746003037116,0.10485932333926
"WOOD_021",0.238040193950549,0.382717122283323,0.0886200587009273,0.142269832675764,0.0435465081343858,0.104806284255051
"WOOD_022",0.233569391165379,0.379546571611789,0.0975988954039876,0.142516756059746,0.0432473153704693,0.103521070388629
"WOOD_024",0.236400100201297,0.381452529362011,0.0908120140272295,0.14352350914699,0.0435113756066777,0.104300471655795
"WOOD_042",0.243019570196188,0.385783410587885,0.0793488421880774,0.14332127671278,0.043543586273382,0.104983314041688
"WOOD_043",0.238309376336528,0.382241767315899,0.0869862226859015,0.143195897826317,0.0437610471482548,0.105505688687099
"WOOD_044",0.239659535186374,0.383617132519057,0.0842044772343051,0.142960388785065,0.0438194272403979,0.105739039034801
