"","other","acidimicrobiales","bacillales","burkholderiales","caulobacterales","myxococcales","rhizobiales","rhodospirillales","solirubrobacterales","sphingomonadales","xanthomonadales"
"NA.100",0.759847380944834,0.0382814475945368,0.000877740849168646,0.00639025948301663,0.00223468426579572,0.00918879628925178,0.0377723528276128,0.014278054058848,0.0885767667592637,0.0412507762581354,0.00130174066953682
"NA.101",0.798608698067221,0.0334468397023159,0.00138665962654394,0.00605120661799287,0.00206514333414489,0.00876476947048693,0.0467630499065321,0.0169073229172209,0.0450652687308789,0.0384518474751781,0.00248919415148456
"NA.102",0.563114422308234,0.0336114353279616,0.0724175839085253,0.00665766702388827,0.00517611948932872,0.0456717521004824,0.123699922253837,0.045541791790508,0.014195365006721,0.0171584600758275,0.0727554807146867
"NA.103",0.669315376298363,0.0110880976338895,0.015609214071811,0.0164849258142988,0.00602729837792741,0.0371761614040855,0.121885998447089,0.0336325836554379,0.0430515762344523,0.0342231799468765,0.0115055881157689
"NA.104",0.792114389759046,0.00390183268888812,0.00992959931879704,0.0277534258105252,0.00201566068052665,0.00244478976179379,0.0598083702067062,0.0457169687473368,0.012973421871968,0.000748232928872933,0.0425933082255391
"NA.105",0.770812221637673,0.00400852157414089,0.0116526331678058,0.0256758477886821,0.00816034456136914,0.00865769835670987,0.0611717719215906,0.0448023448313443,0.015134109735199,0.00538165053085691,0.0445428558946287
"NA.106",0.748593517698896,0.0035032185562059,0.0728542829391313,0.0263414474866846,0.00412623451731285,0.0106294970154489,0.0510572587656419,0.0400904709571244,0.0143505238516531,0.00359709767363634,0.0248564505382649
"X30_182",0.754670403384561,0.0328533229488717,0.002234882254038,0.00749311698877672,0.00384631055783848,0.00655980041466746,0.0702582596211995,0.0210636910873515,0.0465930949994656,0.0527860472251188,0.00164107051811164
"X30_180",0.765612285590499,0.0286971767655582,0.0021500382925772,0.011479425258076,0.00206519333117577,0.0181789514003563,0.0622855710868765,0.0208094541854513,0.0274242853574228,0.0586387846547506,0.00265883407725653
"X30_134",0.684697099815618,0.0364153584140142,0.00672993631098575,0.00986779796609264,0.00257413610712589,0.0120723160486936,0.123184621538955,0.0356523047286817,0.0370934701437055,0.0486302010239905,0.00308275790213777
"X30_66",0.697333842370665,0.0296301723587292,0.00282849700166271,0.0119881970441805,0.0015562985523753,0.0111396734345606,0.0943468170993468,0.0223359375337886,0.0511731170105107,0.0730579063615202,0.00460954123266033
"X30_80",0.761456683374881,0.0205548263067696,0.00308305588444181,0.0116491131809976,0.00181066044685273,0.0150408427599169,0.0875610030813539,0.0169926388506532,0.0365843753767815,0.0383671245065321,0.00689967623081948
"X30_128",0.7584879336769,0.0171618837998812,0.0007929458847981,0.00749324298129454,0.00265895706995249,0.0188573881107482,0.0927352338047506,0.0314114585753563,0.0254729862371734,0.043202004382601,0.00172596547654394
"NA.110",0.656621065137589,0.019621753718171,0.00444004929809976,0.0204699263486342,0.00325259781603325,0.026321897823753,0.112413606185926,0.0620306642247625,0.0319194154098575,0.0601653949955463,0.00274362904162708
"X30_136",0.674687262259323,0.0127515237133017,0.00528812193450119,0.0117337101571259,0.00147135559679335,0.0215721908896081,0.120216255818171,0.0609280327055819,0.0267458046496437,0.0575366761045131,0.00706906617143705
"X30_78",0.713790452079275,0.0157202454129454,0.00181078343954869,0.012666880739905,0.0030829818888361,0.0195357418260689,0.0825567882614014,0.0299694242119359,0.0403160787660333,0.069664688870962,0.0108859345030879
"X30_72",0.769684439761758,0.0141085911225653,0.0027438010314133,0.00995266892595012,0.00316782585029691,0.0238616089303444,0.0535490609128266,0.0264917627361639,0.0253887352404988,0.0581297708830166,0.0129217346051663
"X30_68",0.761627481231888,0.0221660816208432,0.00079304487891924,0.00723865510023753,0.0027436530402019,0.0225047155107482,0.0433707753599762,0.0156355504426366,0.0557524860603325,0.0620314801763064,0.00613607657790974
"X30_76",0.774858854474228,0.0191973059244062,0.001047379775,0.00791726480035629,0.00299811192891924,0.0158042734228622,0.0595708653022565,0.0172470497422209,0.0635560856361639,0.0325996800116983,0.00520312898188836
"X30_70",0.746784484697328,0.0240320178104513,0.000538510994655582,0.0133452864521378,0.00282849600172209,0.0293746245346793,0.0489687099213183,0.0175863025953682,0.0406551356308195,0.0636432034625891,0.0122432278989311
"X30_74",0.724729858432245,0.0108857605134204,0.000792970883313539,0.0213183259656176,0.00435517833824228,0.0230983052598575,0.0344648492468527,0.0101223578488124,0.0178398915357482,0.134721034438123,0.0176714675377672
"X30_124",0.782831793993646,0.0186040701542755,0.00367681962321853,0.00605130261229216,0.000792944884857482,0.0197052097620546,0.0708516263835511,0.0285272138589667,0.0338699965727435,0.0309035057406176,0.00418551641377672
"X30_82",0.744832318628563,0.0110554294374703,0.0055428298084323,0.0203851573827197,0.00274362704174584,0.026491197769715,0.0492231228127672,0.0280187680535036,0.0242015297438242,0.0643215871761283,0.0231844321451306
"X30_132",0.791990753080166,0.02063929729038,0.00367689261888361,0.00308278390059382,0.000962658806235154,0.0102910028336698,0.0644060401608076,0.0246262955187055,0.0490523689531473,0.0281889989441805,0.0030829078932304
"NA.124",0.827963286817102,0.00377946852731591,0.000279676365795724,0.0240282660332542,0.00677929038004751,0.0257781621140142,0.0507766775534442,0.0325277612826603,0.00552936460807601,0.00502939429928741,0.0175286520190024
"NA.125",0.833962930522565,0.00202957244655582,0.000279676365795724,0.023028325415677,0.0072792606888361,0.0112790231591449,0.0407772713776722,0.0475268705463183,0.00227955760095012,0.000779646674584323,0.0307778652019002
"NA.126",0.825713420427553,0.00277952790973872,0.000529661520190024,0.0185285926365796,0.00527937945368171,0.039777330760095,0.0445270486935867,0.0340276722090261,0.00402945368171021,0.00227955760095012,0.0225283551068884
"NA.127",0.849212024940618,0.00127961698337292,0.00127961698337292,0.0117789934679335,0.00327949821852732,0.0232783105700713,0.0512766478622328,0.0305278800475059,0.00427943883610451,0.000779646674584323,0.023028325415677
"NA.128",0.819463791567696,0.00177958729216152,0.000279676365795724,0.0242782511876485,0.00502939429928741,0.0102790825415677,0.0415272268408551,0.0400273159144893,0.00102963182897862,0.000779646674584323,0.0555263954869359
"NA.129",0.820213747030879,0.00102963182897862,0.000279676365795724,0.0202784887173397,0.00477940914489311,0.0115290083135392,0.0470269002375297,0.0475268705463183,0.00252954275534442,2.96912114014252e-05,0.044777033847981
"X30_130",0.829564432731532,0.0231839671727435,0.000792969883372922,0.00308290589334917,0.000453666033254157,0.0107153266347981,0.047781438428563,0.014448289949228,0.0475259106033254,0.0199618495212589,0.00248924314857482
"X30_126",0.816927633179869,0.0217417548198931,0.00579721470154394,0.00477917815861045,0.000538535993171021,0.0108849905591449,0.049986701466924,0.0156354194504157,0.0459143793056413,0.0243721056140143,0.00342208675077197
"NA.148",0.668494749007601,0.0274250293132423,0.000792995881828979,0.00910456729127078,0.00231960322280285,0.0132603414966746,0.139300241497565,0.0395541130160926,0.0317502694547506,0.0642365972233373,0.00376149259483373
"X30_43",0.821846699056473,0.0236081109845606,0.00808717571003563,0.0115642182225653,0.000877690852137767,0.0118182571362233,0.0333626906995843,0.0163990731001188,0.036245099525,0.0317512573960808,0.0044397273172209
"NA.149",0.62447237231823,0.0130912765367577,0.00808717571003563,0.0388755763116389,0.00622126451894299,0.0255595840944774,0.140658445839311,0.055584874014133,0.0169919938889549,0.0683075234675178,0.0021499133
"NA.150",0.718284523194596,0.0255591191220903,0.0120735609747625,0.0121579049659145,0.00206514433408551,0.0111397244315321,0.104269978802969,0.0384512795089074,0.0343791873339667,0.0373493139501781,0.00427026338099762
"X30_46",0.770446334515914,0.0324292001358076,0.00791755978283848,0.0102920957687648,0.00333748977464371,0.0144476479873515,0.0361616664797506,0.0146178058823634,0.0498160755997031,0.0558398608714964,0.0046942632013658
"X30_48",0.750601098044121,0.0208936541851544,0.00817207166840855,0.0145326879371734,0.0029979899361639,0.018179467369715,0.056686667583076,0.0318358333734561,0.0347183371932304,0.0544827164668052,0.00689947624269596
"X30_148",0.700472604972268,0.0309030657667458,0.00265895507007126,0.00935882819174584,0.00240442418562945,0.0147018358921615,0.0854404840103919,0.0525310983654988,0.0510878450744656,0.0459159642115202,0.00452489425950119
"NA.151",0.749667946460214,0.0275944482521378,0.00596692962286223,0.008256542652019,0.00189555540528504,0.0124962478730998,0.0702576656564727,0.0242868196788005,0.0471015128065914,0.0494784936473278,0.00299783794519002
"X30_112",0.786394050445665,0.0202151754772565,0.00571236974014252,0.0099527419216152,0.00130183866371734,0.0141081701475653,0.0504950982752969,0.0247108914948931,0.0439637801438242,0.0319207473307601,0.0112251363592637
"X30_122",0.778678403646675,0.0196214357370546,0.00172593947808789,0.00723845711199525,0.00240437218871734,0.0169065559627672,0.0648290270413302,0.0253891282171615,0.0472706247637173,0.0248808294029691,0.0110552264495249
"X30_104",0.774265782694359,0.0193672458323634,0.00130178966662708,0.00672968832571259,0.00155624955528504,0.0175850896673991,0.0814542277380047,0.0203849353959026,0.0356513377861045,0.0320054922980998,0.00969816104014252
"X30_106",0.753741734534442,0.0287817237446556,0.00155627355385986,0.00562692881413302,0.00274375203432304,0.0211470461372328,0.0475265515652613,0.022335617552791,0.0817916486999406,0.0273405763285629,0.0074081470347981
"NA.152",0.711072588482185,0.08162426164038,0.0054579118513658,0.00359182567066508,0.000538560991686461,0.00834086764429929,0.0738209650465558,0.0199613595503563,0.0532084121425772,0.0415902510980998,0.000792995881828979
"X30_92",0.763407354532423,0.0317505184399644,0.00113229973194774,0.00291329496585511,0.000708200917458432,0.00944295419584323,0.046424275025,0.0113098573280285,0.100876032355701,0.0253051512042162,0.00673006130356295
"NA.153",0.686475958176425,0.0300544191644299,0.00138666062648456,0.00885013340106888,0.00198037336828979,0.0142784040380641,0.120555756656591,0.0345498192008314,0.0359910096143705,0.0611830825592043,0.00469438319423991
"X30_116",0.718115960204869,0.0402322497442993,0.0011322007378266,0.00783224484934679,0.00147152958646081,0.0119029791049287,0.0441340390328385,0.0217422037932304,0.113513809849287,0.0305634569347387,0.0093593261621734
"NA.154",0.672566163222803,0.0193675218159739,0.00325262081466746,0.0193675898119359,0.00664524134067696,0.0136844893082542,0.101386142062352,0.0294609814062945,0.0409109304402019,0.0873067671793943,0.00605155259744656
"X30_108",0.749586371304632,0.0257277671067696,0.002658906072981,0.00791694181953682,0.0020650923371734,0.0143623330538599,0.0544810805639549,0.0197064286896675,0.0926478949914489,0.0256441300736342,0.00520305398634204
"X30_98",0.78011872911158,0.0235233420186461,0.00147147858948931,0.00901977332684085,0.00282837300902613,0.019026754052791,0.0471025517448931,0.0144479719681116,0.0615202075387173,0.0322601741735748,0.00868064446633016
"X30_102",0.780969549584798,0.0238617819200713,0.00367661963509501,0.00952856811157957,0.00240447318271972,0.0194508508673991,0.0424372667972684,0.0149564427720903,0.0571093594811164,0.0346348071537411,0.0109702804941211
"X30_84",0.74848163291057,0.0299692752207838,0.00511865699833729,0.00639053346674584,0.00198029937268409,0.0160586793147268,0.0583832408304632,0.0214879868901425,0.0763630320834917,0.0255593861062352,0.0102072768058195
"NA.155",0.843462366389549,0.0077792309976247,0.00202957244655582,0.0162787262470309,0.00602933491686461,0.0237782808788599,0.0382774198337292,0.010529067695962,0.0192785480997625,0.0190285629453682,0.0135288895486936
"NA.156",0.832213034441805,0.00527937945368171,0.00177958729216152,0.0215284144893112,0.00252954275534442,0.0312778355106888,0.0237782808788599,0.0110290380047506,0.00427943883610451,0.0145288301662708,0.0517766181710214
"NA.157",0.885709857482185,0.0072792606888361,0.00227955760095012,0.0102790825415677,0.00127961698337292,0.0275280581947743,0.0172786668646081,0.0125289489311164,0.0122789637767221,0.0112790231591449,0.0122789637767221
"NA.158",0.81971377672209,0.00652930522565321,0.00477940914489311,0.0177786371733967,0.00227955760095012,0.0267781027315914,0.0275280581947743,0.0170286817102138,0.010529067695962,0.0147788153206651,0.05227658847981
"NA.159",0.853211787410926,0.0072792606888361,0.00252954275534442,0.0112790231591449,0.00152960213776722,0.034777627672209,0.0242782511876485,0.0110290380047506,0.00352948337292162,0.0110290380047506,0.0395273456057007
"NA.160",0.84471229216152,0.00377946852731591,0.00177958729216152,0.0212784293349169,0.00252954275534442,0.044777033847981,0.0210284441805226,0.0085291864608076,0.0097791122327791,0.0277780433491686,0.0140288598574822
"X30_118",0.754419041311936,0.0253040672685867,0.00359180167209026,0.00757796095023753,0.00308293189180523,0.012750633766152,0.0683072534835511,0.0193673948235154,0.0679660717449525,0.0328538879153207,0.00477895517185273
"X30_96",0.739149982079513,0.0276793412106888,0.00511868199685273,0.00749341597102138,0.000792970883313539,0.0123269019298694,0.0752621354612827,0.0295456763766033,0.0650828919653207,0.0303940659941805,0.00715393613135392
"X30_114",0.755692746671734,0.0264914187565914,0.00257403811294537,0.00783237084186461,0.00198032437119952,0.0155496355447743,0.0557533770074228,0.0168227509396081,0.0856924440475059,0.0258140479828979,0.00579684572345606
"X30_90",0.764340853095725,0.0280184480725059,0.00231972721543943,0.0105468286412114,0.000708050926365796,0.0143624560465558,0.0658477035462589,0.0198760866143705,0.0459986812992874,0.0420146048974466,0.00596655964483373
"X30_120",0.760441878640024,0.0296296983868765,0.00079292088628266,0.0121578099715558,0.00376156559049881,0.0180090654891924,0.0492225058494062,0.0176709505684679,0.0645740741819477,0.0353134168538599,0.00842611358188836
"X30_86",0.761457424330879,0.0292907955129454,0.00198042236538005,0.00825649265498812,0.00214998829554632,0.0148709778475059,0.0667809251260095,0.0179256804410926,0.0551591502961401,0.0350590269610451,0.00706911616846793
"NA.167",0.806214578384798,0.00252954275534442,0.00602933491686461,0.0317778058194774,0.0077792309976247,0.0200285035629454,0.0517766181710214,0.0242782511876485,0.00477940914489311,0.00202957244655582,0.0427771526128266
"NA.168",0.734718824228028,0.00277952790973872,0.000529661520190024,0.0267781027315914,0.008029216152019,0.0247782214964371,0.0545264548693587,0.0340276722090261,0.0092791419239905,0.00152960213776722,0.103023574821853
"NA.169",0.794465276128266,0.00202957244655582,0.0147788153206651,0.0307778652019002,0.008029216152019,0.0170286817102138,0.0395273456057007,0.0142788450118765,0.0082792013064133,0.00552936460807601,0.0652758165083135
"NA.170",0.852711817102138,0.00477940914489311,0.00452942399049881,0.0352775979809976,0.00652930522565321,0.0115290083135392,0.0270280878859857,0.0120289786223278,0.010529067695962,0.00652930522565321,0.0285279988123515
"NA.171",0.836212796912114,0.0087791716152019,0.00377946852731591,0.0132789043942993,0.00352948337292162,0.0295279394299287,0.0315278206650831,0.0185285926365796,0.0147788153206651,0.00177958729216152,0.0382774198337292
"NA.172",0.791965424584323,0.00452942399049881,0.00177958729216152,0.0160287410926366,0.00652930522565321,0.0257781621140142,0.0602761134204276,0.023028325415677,0.0157787559382423,0.00252954275534442,0.0517766181710214
"NA.173",0.798115285652777,0.010639402444038,0.0314082575072888,0.0128429072567766,0.00358818704330348,0.00759725027720694,0.048786346209469,0.00918245821711229,0.0255081267102419,0.0382818769977547,0.0140499016840312
"NA.174",0.817138200535789,0.0115300780296771,0.0434489061963664,0.0102539254454051,0.00364795912681128,0.00693592872629696,0.0326991973687919,0.00713861178378969,0.0287506311374604,0.0257178920548336,0.0127386695947782
"NA.175",0.827270887869444,0.0140268861343205,0.0192172783614228,0.0104104756656138,0.00358988804587995,0.00805574898737351,0.0372118872739327,0.0101106696163934,0.0324212364458043,0.0288735315300361,0.00881151006977886
"NA.176",0.850982059061371,0.0118323044133185,0.0237699589562103,0.00803764273168761,0.0031288899869616,0.00670073345596088,0.0278887198562039,0.00517476630285956,0.0286989679021032,0.0234593638719578,0.0103265934613659
"X30_88",0.763579368317221,0.023692785956057,0.0018955534054038,0.00562715480071259,0.00121696970374109,0.0150407667644299,0.0722932877691211,0.0178406354915677,0.058975665648753,0.0292912834839667,0.0105465286590261
"X30_100",0.780117751169656,0.0171620087924584,0.00503364004714964,0.0103770157257126,0.00121704469928741,0.0135991273775534,0.0717844759853919,0.0254743211578979,0.0404008237333729,0.0300547611441211,0.00477903016739905
"X30_110",0.732280664020487,0.0324292751313539,0.00181073344251781,0.0154658045231591,0.0065605193719715,0.0156345805002375,0.0416741641148456,0.0214880658854513,0.0825552043554632,0.0398087168961995,0.0102922717583135
"X24_cp14",0.815064052850356,0.0104290736342043,0.0168786906175772,0.010354078087886,0.00152960213776722,0.0453769982185273,0.0320527894893112,0.012503950415677,0.00715426811163896,0.00782922802850356,0.0408272684085511
"X24_cp15",0.807289514548694,0.0129039266627078,0.0374274703087886,0.0152037900831354,0.00255454127078385,0.0174536564726841,0.0342276603325416,0.0155787678147268,0.0254781799287411,0.00725426217339667,0.0246282304038005
"X24_cp13",0.837412725653207,0.00997910035629454,0.0112540246437055,0.00352948337292162,0.00322950118764846,0.0199035109857482,0.0344776454869359,0.0271780789786223,0.0229783283847981,0.00450442547505938,0.0255531754750594
"X24_cp17",0.788015659144893,0.00437943289786223,0.0187035822446556,0.0249282125890736,0.00407945071258907,0.0700505329572447,0.0386523975653207,0.0133538999406176,0.0019295783847981,0.00917914786223278,0.0267281057007126
"X24_cp12",0.819338798990499,0.0114790112826603,0.0299529141923991,0.0108540483966746,0.00110462737529691,0.036577520783848,0.0330527301068884,0.00672929334916865,0.0130039207244656,0.0113040216745843,0.0266031131235154
"X24_cp16",0.793915308788599,0.0270780849168646,0.00437943289786223,0.0175536505344418,0.00197957541567696,0.0457769744655582,0.0276280522565321,0.0101540899643705,0.0229283313539192,0.0136038850950119,0.0350026143111639
"X24_cp11",0.827863292755344,0.00855418497624703,0.0170286817102138,0.0135038910332542,0.00202957244655582,0.0463269418052257,0.0346776336104513,0.00917914786223278,0.01105403652019,0.00992910332541568,0.0198535139548694
"X24_cp9",0.77589137915677,0.0117289964370546,0.00962912114014252,0.0203034872327791,0.00712926959619953,0.026753104216152,0.0511016582541568,0.0280280285035629,0.0118789875296912,0.0155537692992874,0.0420021986342043
"X24_cp19",0.854611704275534,0.00880417013064133,0.0243032497030879,0.0095291270783848,0.000679652612826603,0.0333777108076009,0.0259281532066508,0.0075292458432304,0.00695427998812352,0.00705427404988124,0.021228432304038
"X24_cp18",0.841787465855107,0.010354078087886,0.0218533951900238,0.00850418794536817,0.00190457986935867,0.0261281413301663,0.0273780671021378,0.0108540483966746,0.0299279156769596,0.0131039147862233,0.00820420576009501
"X24_cp26",0.832063043349169,0.0082792013064133,0.00367947446555819,0.0142038494655582,0.00507939133016627,0.0255531754750594,0.0392773604513064,0.0271280819477435,0.00905415528503563,0.00557936163895487,0.0301029052850356
"X24_cp47",0.801614851543943,0.00885416716152019,0.0218533951900238,0.0148288123515439,0.00265453533254157,0.0657257897862233,0.0225783521377672,0.0113790172209026,0.0051043898456057,0.0105040691805226,0.0349026202494062
"X24_cp20",0.841387489608076,0.00937913598574822,0.0125539474465558,0.00655430374109264,0.00405445219714964,0.0261031428147268,0.0325527597980998,0.0206784649643705,0.0129789222090261,0.00785422654394299,0.0259031546912114
"X24_cp8",0.818138870249406,0.0107540543349169,0.0144538346199525,0.0110290380047506,0.000979634798099763,0.0468519106294537,0.0380524331947744,0.0102790825415677,0.0133289014251781,0.00917914786223278,0.0269530923396675
"X24_cp48",0.818313859857482,0.0176286460807601,0.010704057304038,0.0109290439429929,0.00297951603325416,0.0488517918646081,0.0330527301068884,0.0170786787410926,0.0161787321852732,0.00555436312351544,0.018728580760095
"X24_cp21",0.767466879453682,0.0110040394893112,0.0649508358076009,0.0204034812945368,0.00122961995249406,0.0378274465558195,0.0363775326603325,0.0134788925178147,0.00997910035629454,0.0117789934679335,0.0255031784441805
"X24_cp25",0.755567586104513,0.0204784768408551,0.0517766181710214,0.0130789162707838,0.00165459471496437,0.0363025371140143,0.0459269655581948,0.0120039801068884,0.0271530804631829,0.0141788509501188,0.0218783937054632
"X24_cp7",0.832038044833729,0.0125289489311164,0.0268031012470309,0.0193785421615202,0.00135461252969121,0.0248282185273159,0.0332777167458432,0.00775423248218527,0.00937913598574822,0.00897915973871734,0.0236782868171021
"X24_cp49",0.757592465855107,0.00830419982185273,0.0284780017814727,0.0232533120546318,0.00210456799287411,0.0486268052256532,0.0495267517814727,0.0126289429928741,0.0082792013064133,0.0181786134204276,0.0430271377672209
"X24_cp10",0.804714667458432,0.0142788450118765,0.022853335807601,0.012678940023753,0.000829643705463183,0.0315278206650831,0.0442770635391924,0.0087791716152019,0.0157787559382423,0.0162537277315914,0.0280280285035629
"X24_cp24",0.824488493171021,0.0164787143705463,0.0041044492280285,0.0118789875296912,0.00297951603325416,0.0395523441211401,0.0270030893705463,0.00662929928741093,0.0123039622921615,0.023203315023753,0.0313778295724466
"X24_cp6",0.846262200118765,0.0124789519002375,0.0237782808788599,0.0071042710807601,0.00185458283847981,0.031052848871734,0.0281030240498812,0.00860418200712589,0.0115790053444181,0.0154787737529691,0.0137038791567696
"X24_cp22",0.798390043052257,0.00940413450118765,0.0077792309976247,0.0315528191805226,0.0085291864608076,0.0292279572446556,0.0364275296912114,0.0208284560570071,0.0153787796912114,0.0095291270783848,0.0329527360451306
"X24_cp23",0.794365282066508,0.0132789043942993,0.0247532229809976,0.0125539474465558,0.00377946852731591,0.0429521422209026,0.0318777998812352,0.0151537930522565,0.0196785243467934,0.0200535020783848,0.0215534130047506
"X24_cp46",0.819838769299287,0.0178286342042755,0.0107790528503563,0.00825420279097387,0.000704651128266033,0.0469769032066508,0.0241782571258907,0.00705427404988124,0.0184785956057007,0.013378898456057,0.0325277612826603
"X24_cp27",0.807214519002375,0.0148038138361045,0.00947913004750594,0.0130039207244656,0.0024295486935867,0.0579012544536817,0.0338776811163895,0.0164787143705463,0.0135788865795724,0.00840419388361045,0.0228283372921615
"X24_cp45",0.768366826009501,0.013378898456057,0.0245782333729216,0.0166037069477435,0.00407945071258907,0.0363025371140143,0.0538264964370546,0.0110040394893112,0.0145288301662708,0.0129539236935867,0.0443770576009501
"X24_cp28",0.856711579572447,0.0135288895486936,0.0102540840261283,0.00630431858669834,0.00112962589073634,0.0383274168646081,0.0226283491686461,0.00795422060570071,0.0149038078978622,0.00860418200712589,0.0196535258313539
"X24_cp5",0.801539855997625,0.0104040751187648,0.0119789815914489,0.0120789756532067,0.00680428889548693,0.040302299584323,0.0336776929928741,0.0169536861638955,0.023728283847981,0.00970411668646081,0.0328277434679335
"X24_cp44",0.810289336401425,0.0180786193586698,0.0132289073634204,0.0249782096199525,0.00155460065320665,0.0476768616389549,0.0247782214964371,0.00842919239904988,0.0130539177553444,0.0104790706650831,0.0274530626484561
"X24_cp29",0.677847201603325,0.0095291270783848,0.0582012366389549,0.0196535258313539,0.000154683788598575,0.00197957541567696,0.0123039622921615,0.0114290142517815,0.0184785956057007,0.00882916864608076,0.181593908847981
"X24_cp4",0.850886925475059,0.00920414637767221,0.0120039801068884,0.00765423842042755,0.00160459768408551,0.0440520769002375,0.0204534783254157,0.0123539593230404,0.00882916864608076,0.0104540721496437,0.0225033565914489
"X24_cp50",0.843187382719715,0.0133289014251781,0.0097791122327791,0.0178286342042755,0.00310450861045131,0.0383774138954869,0.0228783343230404,0.00857918349168646,0.0127789340855107,0.0141038554038005,0.016053739608076
"X24_cp30",0.811214281472684,0.0148788093824228,0.0102540840261283,0.0156287648456057,0.00172959026128266,0.0348776217339667,0.037452468824228,0.0111290320665083,0.0243782452494062,0.0230783224465558,0.0153787796912114
"X24_cp43",0.804014709026128,0.0173786609263658,0.0124289548693587,0.0119789815914489,0.00232955463182898,0.0516766241092637,0.0352276009501188,0.00932913895486936,0.0150537989904988,0.00930414043942993,0.0312778355106888
"X24_cp3",0.808514441805226,0.0126039444774347,0.0241032615795724,0.0120289786223278,0.00205457096199525,0.0540264845605701,0.0298279216152019,0.0115540068289786,0.0165037128859858,0.00882916864608076,0.0199535080166271
"X24_cp2",0.803364747624703,0.0150288004750594,0.0176536445961995,0.0104290736342043,0.00100463331353919,0.0442020679928741,0.0441270724465558,0.00990410480997625,0.0198285154394299,0.0170036831947743,0.0174536564726841
"X24_cp51",0.746568120546318,0.0129789222090261,0.044252065023753,0.0104790706650831,0.0014296080760095,0.0296529320071259,0.0391773663895487,0.0213284263657957,0.0177036416270784,0.0124789519002375,0.0639508951900238
"X24_cp75",0.786990720011876,0.0118539890142518,0.0198535139548694,0.0122039682304038,0.00372947149643705,0.0543264667458432,0.0329527360451306,0.0179286282660333,0.0123039622921615,0.0110290380047506,0.0368275059382423
"X24_cp1",0.773941494952494,0.0148038138361045,0.00287952197149644,0.020353484263658,0.00357948040380048,0.0531765350356295,0.0412022461401425,0.0237532823634204,0.0246282304038005,0.0123039622921615,0.0293779483372922
"X24_cp31",0.843462366389549,0.0210284441805226,0.0154787737529691,0.0111790290973872,0.00150460362232779,0.0253781858669834,0.0278280403800475,0.00670429483372922,0.0177536386579572,0.0106290617577197,0.0190535614608076
"X24_cp42",0.823938525831354,0.00737925475059382,0.00825420279097387,0.00617932600950119,0.00867917755344418,0.0150537989904988,0.0439020858076009,0.0292029587292162,0.0134538940023753,0.00125461846793349,0.0427021570665083
"X24_cp76",0.756817511876485,0.0105790647268409,0.0894993779691211,0.0145288301662708,0.00182958432304038,0.0334777048693587,0.0308028637173397,0.0087791716152019,0.0142038494655582,0.0218033981591449,0.017678643111639
"X24_cp52",0.847137148159145,0.00975411371733967,0.00735425623515439,0.0173286638954869,0.00255454127078385,0.0425271674584323,0.0250032081353919,0.0101290914489311,0.00845419091448931,0.00642931116389549,0.0233283076009501
"X24_cp41",0.822038638657957,0.0129039266627078,0.0201534961401425,0.0138038732185273,0.00202957244655582,0.0357275712589074,0.0374274703087886,0.00982910926365796,0.0125289489311164,0.0134788925178147,0.0200785005938242
"X24_cp77",0.776641334619953,0.0136538821258907,0.0289529735748218,0.0157287589073634,0.0024295486935867,0.041577223871734,0.0439770813539192,0.012678940023753,0.0188785718527316,0.0245282363420428,0.0209534486342043
"X24_cp40",0.815189045427553,0.0196535258313539,0.0102290855106888,0.0151287945368171,0.00277952790973872,0.0362525400831354,0.0360275534441805,0.0127539355700713,0.0198285154394299,0.0118039919833729,0.020353484263658
"X24_cp32",0.813614138954869,0.0131539118171021,0.0137538761876485,0.0119289845605701,0.00120462143705463,0.0488517918646081,0.0327277494061758,0.00925414340855107,0.0104540721496437,0.00745425029691211,0.0376024599168646
"X24_cp74",0.809239398752969,0.0122039682304038,0.00367947446555819,0.0199035109857482,0.00307951009501188,0.0548764340855107,0.0344526469714964,0.0205784709026128,0.00897915973871734,0.00897915973871734,0.0240282660332542
"X24_cp39",0.807289514548694,0.00967911817102138,0.0158537514845606,0.00885416716152019,0.00205457096199525,0.0719254216152019,0.0239282719714964,0.0116540008907363,0.00920414637767221,0.00737925475059382,0.0321777820665083
"X24_cp78",0.753642700415677,0.0145288301662708,0.0166787024940618,0.0172536683491686,0.0038544640736342,0.0526515662114014,0.0477518571852732,0.0224283610451306,0.0331777226840855,0.0141038554038005,0.0239282719714964
"X24_cp37",0.814564082541568,0.00892916270783848,0.0147788153206651,0.0104790706650831,0.00327949821852732,0.0490517799881235,0.0297279275534442,0.0191785540380048,0.00735425623515439,0.00900415825415677,0.0336526944774347
"X24_cp38",0.775266416270784,0.0164537158551069,0.0226533476840855,0.0172536683491686,0.00335449376484561,0.0428521481591449,0.0455519878266033,0.010704057304038,0.0174536564726841,0.0196035288004751,0.0288529795130641
"X24_cp33",0.841137504453682,0.0046044195368171,0.0177536386579572,0.0135038910332542,0.00222956057007126,0.0473518809382423,0.0224533595605701,0.0113790172209026,0.00492940023752969,0.00675429186460808,0.0279030359263658
"X24_cp56",0.813839125593824,0.0109290439429929,0.0122539652612827,0.012678940023753,0.00215456502375297,0.0574262826603325,0.0281030240498812,0.013203908847981,0.0125539474465558,0.00905415528503563,0.0278030418646081
"X24_cp53",0.833712945368171,0.0172286698337292,0.0120539771377672,0.00882916864608076,0.00115462440617577,0.0395023470902613,0.0293529498218527,0.00825420279097387,0.0134038969714964,0.00700427701900238,0.0295029409144893
"X24_cp54",0.73466882719715,0.0145538286817102,0.0359525578978622,0.0152537871140143,0.00232955463182898,0.0616510317695962,0.0366275178147268,0.00967911817102138,0.0162537277315914,0.0220533833135392,0.0509766656769596
"X24_cp36",0.768916793349169,0.0198285154394299,0.00677929038004751,0.0135788865795724,0.00152960213776722,0.0464519343824228,0.0537515008907363,0.0124789519002375,0.0283030121733967,0.0173286638954869,0.031052848871734
"X24_cp73",0.786465751187648,0.0138038732185273,0.00372947149643705,0.0191785540380048,0.00515438687648456,0.0590261876484561,0.0336526944774347,0.0245532348574822,0.0156287648456057,0.0071042710807601,0.0317028102731591
"X24_cp79",0.745968156175772,0.0413272387173397,0.0097791122327791,0.014078856888361,0.00157959916864608,0.0347276306413302,0.0354025905581948,0.00885416716152019,0.0602261163895487,0.0166037069477435,0.0314528251187648
"X24_cp103",0.844862283254157,0.0111290320665083,0.00425444032066508,0.0199285095011877,0.00345448782660333,0.03210278652019,0.0309028577790974,0.0141788509501188,0.0142788450118765,0.008029216152019,0.0168786906175772
"X24_cp55",0.801489858966746,0.00887916567695962,0.0139538643111639,0.017678643111639,0.00175458877672209,0.0628759590261283,0.0232533120546318,0.0137788747030879,0.00440443141330166,0.00797921912114014,0.0439520828384798
"X24_cp57",0.768141839370546,0.00577934976247031,0.0138038732185273,0.0275280581947743,0.00237955166270784,0.0650508298693587,0.0337026915083135,0.0100290973871734,0.00600433640142518,0.0154287767220903,0.0521515959026128
"X24_cp72",0.782840966448931,0.0156537633610451,0.0289279750593824,0.0158537514845606,0.00130461549881235,0.050301705760095,0.0375274643705463,0.0116540008907363,0.0198785124703088,0.0122289667458432,0.0238282779097387
"X24_cp102",0.814764070665083,0.00630431858669834,0.0126039444774347,0.0142788450118765,0.00157959916864608,0.0520016048099763,0.0342026618171021,0.00987910629453682,0.00580434827790974,0.0122539652612827,0.0363275356294537
"X24_cp35",0.778916199524941,0.0232783105700713,0.0169786846793349,0.0119039860451306,0.00170459174584323,0.0384524094418052,0.0449020264251781,0.0117789934679335,0.0298279216152019,0.0135288895486936,0.028727986935867
"X24_cp34",0.846612179334917,0.00967911817102138,0.0158537514845606,0.0109540424584323,0.00180458580760095,0.0456769804038005,0.025703166567696,0.0124539533847981,0.00652930522565321,0.00470441359857482,0.0200285035629454
"X24_cp70",0.799889953978622,0.0131039147862233,0.0176036475653207,0.0209034516033254,0.0092791419239905,0.021928390736342,0.0300029112232779,0.0221033803444181,0.0238532764251781,0.0106290617577197,0.030702869655582
"X24_cp104",0.808214459619953,0.00937913598574822,0.00800421763657957,0.00990410480997625,0.00122961995249406,0.0557513821258907,0.0393523559976247,0.0140538583729216,0.01105403652019,0.0109790409738717,0.0320777880047506
"X24_cp58",0.747318076009501,0.0233033090855107,0.0174036594418052,0.0226283491686461,0.00377946852731591,0.0357525697743468,0.0456769804038005,0.0153787796912114,0.054776440023753,0.02070346347981,0.0132789043942993
"X24_cp71",0.790240527019002,0.0112040276128266,0.008029216152019,0.0163287232779097,0.00620432452494062,0.0446520412707839,0.0396523381828979,0.025878156175772,0.0135038910332542,0.0147788153206651,0.0295279394299287
"X24_cp80",0.845937219418052,0.00587934382422803,0.0135788865795724,0.0113790172209026,0.00177958729216152,0.0446270427553444,0.0312778355106888,0.0105790647268409,0.00592934085510689,0.00632931710213777,0.0227033447149644
"X24_cp69",0.791690440914489,0.00840419388361045,0.0558513761876485,0.0058543453087886,0.00382946555819477,0.00670429483372922,0.0422021867577197,0.0253531873515439,0.0228283372921615,0.00360447891923991,0.0336776929928741
"X24_cp105",0.809814364608076,0.00690428295724466,0.0152287885985748,0.0116290023752969,0.0021795635391924,0.0625259798099762,0.0381524272565321,0.0182536089667458,0.00600433640142518,0.0075292458432304,0.0217783996437055
"X24_cp81",0.868785862529691,0.0119039860451306,0.0111290320665083,0.00772923396674584,0.00137961104513064,0.0369275,0.0237032853325416,0.00870417606888361,0.00672929334916865,0.00555436312351544,0.0174536564726841
"X24_cp82",0.833662948337292,0.00520438390736342,0.00965411965558195,0.0196785243467934,0.00250454423990499,0.036402531175772,0.0330027330760095,0.00755424435866983,0.00517938539192399,0.0118039919833729,0.0353525935273159
"X24_cp59",0.801489858966746,0.0217284026128266,0.0179536267814727,0.0085291864608076,0.000729649643705463,0.0287029884204276,0.0373274762470309,0.00997910035629454,0.0490517799881235,0.0141538524346793,0.010354078087886
"X24_cp60",0.738918574821853,0.00555436312351544,0.00540437203087886,0.0169536861638955,0.0024295486935867,0.0745752642517815,0.0437520947149644,0.0182536089667458,0.00502939429928741,0.0116540008907363,0.0774750920427554
"X24_cp63",0.777066309382423,0.00662929928741093,0.0119039860451306,0.0154537752375297,0.00270453236342043,0.0688006071852732,0.035127606888361,0.0104290736342043,0.00525438093824228,0.015178791567696,0.0514516374703088
"X24_cp101",0.803089763954869,0.00937913598574822,0.0123539593230404,0.0204034812945368,0.00305451157957245,0.062625973871734,0.025878156175772,0.0203034872327791,0.00780422951306413,0.00477940914489311,0.0303278919239905
"X24_cp100",0.861736281175772,0.0139788628266033,0.0126039444774347,0.0104040751187648,0.00100463331353919,0.0409272624703088,0.0227533417458432,0.00742925178147268,0.00820420576009501,0.00487940320665083,0.0160787381235154
"X24_cp133",0.727244268111639,0.0174536564726841,0.0367775089073634,0.0387023945961995,0.00962912114014252,0.0453769982185273,0.0498017354513064,0.00967911817102138,0.00575435124703088,0.0279530329572447,0.0316278147268409
"X24_cp83",0.786865727434679,0.0111290320665083,0.0135288895486936,0.0144038375890736,0.00312950712589074,0.0681256472684085,0.0337776870546318,0.0168536921021378,0.0126039444774347,0.0063543156175772,0.0332277197149644
"X24_cp106",0.780366113420428,0.0131289133016627,0.0113290201900238,0.0122039682304038,0.00212956650831354,0.0748002508907363,0.0334777048693587,0.0151537930522565,0.0117789934679335,0.0114540127672209,0.0341776633016627
"X24_cp62",0.82498846347981,0.00920414637767221,0.0278780374109264,0.00917914786223278,0.00100463331353919,0.0333277137767221,0.0405522847387173,0.012503950415677,0.0122789637767221,0.00910415231591449,0.0199785065320665
"X24_cp108",0.818938822743468,0.0244032437648456,0.0170036831947743,0.00925414340855107,0.00195457690023753,0.0272530745249406,0.0296779305225653,0.0134288954869359,0.0365525222684086,0.00972911520190024,0.0118039919833729
"X24_cp107",0.819613782660333,0.0143788390736342,0.00592934085510689,0.0127789340855107,0.00197957541567696,0.0545514533847981,0.0356525757125891,0.0150537989904988,0.0131789103325416,0.00505439281472684,0.0218283966745843
"X24_cp220",0.809364391330166,0.0207284619952494,0.0272280760095012,0.0117039979216152,0.00182958432304038,0.0336026974465558,0.0275780552256532,0.00722926365795724,0.0202284916864608,0.0133289014251781,0.0271780789786223
"X24_cp99",0.833662948337292,0.00615432749406176,0.0121039741686461,0.0144788331353919,0.0024295486935867,0.0613760480997625,0.0220783818289786,0.012503950415677,0.00330449673396675,0.0068542859263658,0.0250532051662708
"X24_cp67",0.758892388657957,0.0177286401425178,0.0318028043349169,0.0115790053444181,0.00227955760095012,0.0373774732779097,0.0466769210213777,0.0106540602731591,0.0203284857482185,0.0245032378266033,0.0381774257719715
"X24_cp132",0.811139285926366,0.00550436609263658,0.0240532645486936,0.0146788212589074,0.00177958729216152,0.0485518096793349,0.0358525638361045,0.0118039919833729,0.00715426811163896,0.00807921318289786,0.031402828087886
"X24_cp98",0.813689134501188,0.00670429483372922,0.0141288539192399,0.0222033744061758,0.00302951306413302,0.0570013078978622,0.0275280581947743,0.011404015736342,0.0051043898456057,0.00892916270783848,0.0302778948931116
"X24_cp96",0.842887400534442,0.0123789578384798,0.00290452048693587,0.010529067695962,0.00310450861045131,0.0221783758907363,0.0405772832541568,0.018028622327791,0.0206034694180523,0.00552936460807601,0.0212784293349169
"X24_cp109",0.754567645486936,0.0213034278503563,0.0436770991686461,0.0276280522565321,0.00302951306413302,0.0287529854513064,0.0370524925771972,0.0133289014251781,0.0294779423990499,0.0282780136579572,0.0129039266627078
"X24_cp61",0.831413081947743,0.00592934085510689,0.02070346347981,0.0117539949524941,0.000954636282660333,0.0577262648456057,0.0216784055819477,0.0154787737529691,0.00395445813539192,0.00655430374109264,0.0238532764251781
"X24_cp84",0.811114287410926,0.0140038613420428,0.0157537574228028,0.0144538346199525,0.00137961104513064,0.0575762737529691,0.0359525578978622,0.0112790231591449,0.0173286638954869,0.00475441062945368,0.016403718824228
"X24_cp97",0.789565567102138,0.0179536267814727,0.00562935866983373,0.00640431264845606,0.00172959026128266,0.0609510733372922,0.0454519937648456,0.0187535792755344,0.0261781383610451,0.00707927256532067,0.0203034872327791
"X24_cp134",0.800514916864608,0.00870417606888361,0.00465441656769596,0.0181786134204276,0.00427943883610451,0.061001070368171,0.0341776633016627,0.0192285510688836,0.0077792309976247,0.00872917458432304,0.0327527479216152
"X24_cp66",0.804689668942993,0.0132539058788599,0.0200285035629454,0.00987910629453682,0.00272953087885986,0.0349276187648456,0.0477518571852732,0.0114540127672209,0.0145288301662708,0.0188535733372922,0.0219033922209026
"X24_cp131",0.785665798693587,0.021228432304038,0.00837919536817102,0.0159287470308789,0.00235455314726841,0.026928093824228,0.050476695368171,0.0161037366389549,0.0131789103325416,0.0143788390736342,0.0453769982185273
"X24_cp95",0.807564498218527,0.0152287885985748,0.0138788687648456,0.0103290795724466,0.00360447891923991,0.0429021451900238,0.0419772001187649,0.0143538405581948,0.0197035228622328,0.00395445813539192,0.0265031190617577
"X24_cp65",0.807564498218527,0.0102540840261283,0.0293779483372922,0.020353484263658,0.00262953681710214,0.0274780611638955,0.0331277256532067,0.00825420279097387,0.0164787143705463,0.0201284976247031,0.0243532467339667
