"","other","Mortierellomycetes","Tremellomycetes","Umbelopsidomycetes","Agaricomycetes","Sordariomycetes","Eurotiomycetes","Leotiomycetes","Pezizomycetes","Dothideomycetes"
"SRR1502337",0.0099009900990099,0.156435643564356,0.0623762376237624,0.00792079207920792,0.702970297029703,0.00594059405940594,0.00099009900990099,0.0485148514851485,0.00099009900990099,0.00396039603960396
"SRR1502338",0.105940594059406,0.179207920792079,0.0514851485148515,0.0485148514851485,0.489108910891089,0.00891089108910891,0.00594059405940594,0.0930693069306931,0.00297029702970297,0.0148514851485149
"SRR1502339",0.0336633663366337,0.152475247524752,0.0217821782178218,0.0643564356435644,0.586138613861386,0.00396039603960396,0.0495049504950495,0.0455445544554455,0.0178217821782178,0.0247524752475248
"SRR1502340",0.0455445544554455,0.30990099009901,0.0752475247524752,0.0217821782178218,0.345544554455446,0.0514851485148515,0.0366336633663366,0.0811881188118812,0.0168316831683168,0.0158415841584158
"SRR1502341",0.0306930693069307,0.0524752475247525,0.0128712871287129,0.00099009900990099,0.818811881188119,0.0148514851485149,0.0108910891089109,0.0237623762376238,0.0277227722772277,0.00693069306930693
"SRR1502342",0.0871287128712871,0.0643564356435644,0.0871287128712871,0.0455445544554455,0.593069306930693,0.0227722772277228,0.0287128712871287,0.0297029702970297,0.0108910891089109,0.0306930693069307
"SRR1502343",0.0306930693069307,0.0722772277227723,0.106930693069307,0.0772277227722772,0.656435643564356,0.00198019801980198,0.00594059405940594,0.0198019801980198,0.0178217821782178,0.0108910891089109
"SRR1502391",0.0633663366336634,0.0435643564356436,0.0237623762376238,0.0099009900990099,0.705940594059406,0.00396039603960396,0.0297029702970297,0.0386138613861386,0.0267326732673267,0.0544554455445545
"SRR1502399",0.0267326732673267,0.1,0.0207920792079208,0.0099009900990099,0.641584158415842,0.0138613861386139,0.0465346534653465,0.098019801980198,0.00693069306930693,0.0356435643564356
"SRR1502402",0.0594059405940594,0.0584158415841584,0.0504950495049505,0.0227722772277228,0.675247524752475,0.0099009900990099,0.0445544554455446,0.0316831683168317,0.00891089108910891,0.0386138613861386
"SRR1502406",0.0752475247524752,0.1,0.0415841584158416,0.0485148514851485,0.617821782178218,0.0297029702970297,0.00792079207920792,0.0148514851485149,0.0455445544554455,0.0188118811881188
"SRR1502407",0.0415841584158416,0.0544554455445545,0.0287128712871287,0.0237623762376238,0.761386138613861,0.0128712871287129,0.0138613861386139,0.0168316831683168,0.0188118811881188,0.0277227722772277
"SRR1502408",0.13960396039604,0.0603960396039604,0.0198019801980198,0.00099009900990099,0.383168316831683,0.0435643564356436,0.313861386138614,0.0168316831683168,0.0198019801980198,0.00198019801980198
"SRR1502409",0.0217821782178218,0.0415841584158416,0.00495049504950495,0.00099009900990099,0.783168316831683,0.0118811881188119,0.0267326732673267,0.0198019801980198,0.0198019801980198,0.0693069306930693
"SRR1502410",0.0603960396039604,0.0554455445544554,0.00891089108910891,0.00891089108910891,0.787128712871287,0.00297029702970297,0.0158415841584158,0.0108910891089109,0.0316831683168317,0.0178217821782178
"SRR1502412",0.0534653465346535,0.0188118811881188,0.0267326732673267,0.00792079207920792,0.791089108910891,0.0108910891089109,0.0118811881188119,0.00891089108910891,0.0168316831683168,0.0534653465346535
"SRR1502413",0.0693069306930693,0.0366336633663366,0.0148514851485149,0.00099009900990099,0.816831683168317,0.00297029702970297,0.00099009900990099,0.00495049504950495,0.0405940594059406,0.0118811881188119
"SRR1502414",0.0247524752475248,0.0673267326732673,0.0148514851485149,0.00099009900990099,0.656435643564356,0.0257425742574257,0.0306930693069307,0.0128712871287129,0.0524752475247525,0.113861386138614
"SRR1502421",0.0207920792079208,0.108910891089109,0.00792079207920792,0.00099009900990099,0.834653465346535,0.00099009900990099,0.00792079207920792,0.00099009900990099,0.0148514851485149,0.00198019801980198
"SRR1502422",0.0297029702970297,0.0316831683168317,0.00792079207920792,0.00198019801980198,0.849504950495049,0.0128712871287129,0.0099009900990099,0.00198019801980198,0.0435643564356436,0.0108910891089109
"SRR1502423",0.0693069306930693,0.0643564356435644,0.0227722772277228,0.00099009900990099,0.725742574257426,0.0207920792079208,0.0178217821782178,0.0178217821782178,0.0297029702970297,0.0306930693069307
"SRR1502424",0.126732673267327,0.200990099009901,0.11980198019802,0.0099009900990099,0.412871287128713,0.0277227722772277,0.00099009900990099,0.0613861386138614,0.0188118811881188,0.0207920792079208
"SRR1502428",0.0277227722772277,0.0574257425742574,0.0237623762376238,0.00099009900990099,0.773267326732673,0.0138613861386139,0.0207920792079208,0.00693069306930693,0.0356435643564356,0.0396039603960396
"SRR1502429",0.0534653465346535,0.00099009900990099,0.0099009900990099,0.00099009900990099,0.613861386138614,0.0544554455445545,0.0871287128712871,0.00396039603960396,0.0851485148514852,0.0900990099009901
"SRR1502430",0.00099009900990099,0.00099009900990099,0.00396039603960396,0.00099009900990099,0.868316831683168,0.0405940594059406,0.0158415841584158,0.00495049504950495,0.0227722772277228,0.0405940594059406
"SRR1502436",0.0782178217821782,0.0118811881188119,0.0148514851485149,0.00099009900990099,0.827722772277228,0.0138613861386139,0.0227722772277228,0.00495049504950495,0.00792079207920792,0.0168316831683168
"SRR1502437",0.00792079207920792,0.0346534653465347,0.00099009900990099,0.00594059405940594,0.794059405940594,0.00495049504950495,0.0297029702970297,0.0950495049504951,0.0158415841584158,0.0108910891089109
"SRR1502438",0.00792079207920792,0.113861386138614,0.00594059405940594,0.0376237623762376,0.737623762376238,0.00792079207920792,0.00396039603960396,0.0207920792079208,0.0415841584158416,0.0227722772277228
"SRR1502439",0.0396039603960396,0.0495049504950495,0.0207920792079208,0.00792079207920792,0.821782178217822,0.00396039603960396,0.00594059405940594,0.00792079207920792,0.0257425742574257,0.0168316831683168
"SRR1502440",0.116831683168317,0.0198019801980198,0.0198019801980198,0.00099009900990099,0.731683168316832,0.0485148514851485,0.0356435643564356,0.0138613861386139,0.00099009900990099,0.0118811881188119
"SRR1502441",0.282178217821782,0.0495049504950495,0.0227722772277228,0.00099009900990099,0.302970297029703,0.0584158415841584,0.0099009900990099,0.0445544554455446,0.00891089108910891,0.21980198019802
"SRR1502442",0.00396039603960396,0.0574257425742574,0.0207920792079208,0.00099009900990099,0.781188118811881,0.0247524752475248,0.0445544554455446,0.00495049504950495,0.0376237623762376,0.0237623762376238
"SRR1502443",0.0584158415841584,0.0871287128712871,0.0326732673267327,0.0207920792079208,0.734653465346535,0.00792079207920792,0.00693069306930693,0.00891089108910891,0.0287128712871287,0.0138613861386139
"SRR1502444",0.0178217821782178,0.264356435643564,0.0277227722772277,0.00099009900990099,0.614851485148515,0.0207920792079208,0.00099009900990099,0.00891089108910891,0.0257425742574257,0.0178217821782178
"SRR1502462",0.0326732673267327,0.102970297029703,0.0108910891089109,0.0178217821782178,0.7,0.0405940594059406,0.0297029702970297,0.0118811881188119,0.0277227722772277,0.0257425742574257
"SRR1502463",0.0277227722772277,0.0772277227722772,0.0475247524752475,0.0277227722772277,0.626732673267327,0.0435643564356436,0.0118811881188119,0.0504950495049505,0.0108910891089109,0.0762376237623762
"SRR1502464",0.0534653465346535,0.0534653465346535,0.0257425742574257,0.0841584158415842,0.655445544554455,0.0148514851485149,0.0465346534653465,0.0376237623762376,0.0099009900990099,0.0188118811881188
"SRR1502465",0.0168316831683168,0.0198019801980198,0.00099009900990099,0.00099009900990099,0.877227722772277,0.00099009900990099,0.00099009900990099,0.0178217821782178,0.0415841584158416,0.0227722772277228
"SRR1502466",0.0465346534653465,0.0396039603960396,0.00099009900990099,0.00099009900990099,0.76039603960396,0.0465346534653465,0.00891089108910891,0.00099009900990099,0.0930693069306931,0.00198019801980198
"SRR1502467",0.0158415841584158,0.0594059405940594,0.0178217821782178,0.0099009900990099,0.767326732673267,0.0099009900990099,0.00495049504950495,0.0108910891089109,0.0425742574257426,0.0613861386138614
"SRR1502468",0.0297029702970297,0.0188118811881188,0.00099009900990099,0.00099009900990099,0.813861386138614,0.00693069306930693,0.00792079207920792,0.0366336633663366,0.0792079207920792,0.00495049504950495
"SRR1502469",0.00297029702970297,0.0663366336633663,0.00099009900990099,0.00099009900990099,0.863366336633663,0.0217821782178218,0.0118811881188119,0.00396039603960396,0.0099009900990099,0.0178217821782178
"SRR1502470",0.0405940594059406,0.138613861386139,0.0267326732673267,0.0148514851485149,0.718811881188119,0.00594059405940594,0.00297029702970297,0.0158415841584158,0.00891089108910891,0.0267326732673267
"SRR1502471",0.0108910891089109,0.00594059405940594,0.00099009900990099,0.00099009900990099,0.891089108910891,0.00495049504950495,0.00396039603960396,0.00594059405940594,0.0198019801980198,0.0554455445544554
"SRR1502472",0.0247524752475248,0.302970297029703,0.00099009900990099,0.00099009900990099,0.554455445544555,0.0425742574257426,0.0168316831683168,0.0168316831683168,0.0198019801980198,0.0198019801980198
"SRR1502473",0.0287128712871287,0.0267326732673267,0.0108910891089109,0.00099009900990099,0.73960396039604,0.0613861386138614,0.0108910891089109,0.0227722772277228,0.0544554455445545,0.0435643564356436
"SRR1502474",0.0168316831683168,0.0158415841584158,0.00099009900990099,0.00099009900990099,0.831683168316832,0.0356435643564356,0.00891089108910891,0.0297029702970297,0.0574257425742574,0.00198019801980198
"SRR1502475",0.0376237623762376,0.0099009900990099,0.00099009900990099,0.00099009900990099,0.849504950495049,0.0198019801980198,0.0128712871287129,0.0207920792079208,0.0168316831683168,0.0306930693069307
"SRR1502476",0.0396039603960396,0.0306930693069307,0.0118811881188119,0.0475247524752475,0.813861386138614,0.0168316831683168,0.0217821782178218,0.00693069306930693,0.00396039603960396,0.00693069306930693
"SRR1502477",0.0495049504950495,0.0099009900990099,0.00693069306930693,0.0297029702970297,0.848514851485148,0.0099009900990099,0.0168316831683168,0.00693069306930693,0.00198019801980198,0.0198019801980198
"SRR1502478",0.0534653465346535,0.0465346534653465,0.0148514851485149,0.0118811881188119,0.777227722772277,0.0099009900990099,0.0128712871287129,0.0217821782178218,0.0158415841584158,0.0356435643564356
"SRR1502479",0.0257425742574257,0.0306930693069307,0.0108910891089109,0.00495049504950495,0.894059405940594,0.00792079207920792,0.00396039603960396,0.0168316831683168,0.00297029702970297,0.00198019801980198
"SRR1502481",0.0188118811881188,0.628712871287129,0.0346534653465347,0.00396039603960396,0.098019801980198,0.198019801980198,0.00099009900990099,0.00792079207920792,0.00792079207920792,0.00099009900990099
"SRR1502482",0.0623762376237624,0.294059405940594,0.118811881188119,0.275247524752475,0.0495049504950495,0.0445544554455446,0.0683168316831683,0.0801980198019802,0.00198019801980198,0.00495049504950495
"SRR1502483",0.0108910891089109,0.58019801980198,0.117821782178218,0.0306930693069307,0.0485148514851485,0.115841584158416,0.0178217821782178,0.0633663366336634,0.00594059405940594,0.00891089108910891
"SRR1502485",0.0554455445544554,0.187128712871287,0.125742574257426,0.0524752475247525,0.21980198019802,0.106930693069307,0.1,0.1,0.0297029702970297,0.0227722772277228
"SRR1502486",0.312871287128713,0.218811881188119,0.113861386138614,0.0920792079207921,0.0297029702970297,0.0633663366336634,0.0118811881188119,0.127722772277228,0.00099009900990099,0.0287128712871287
"SRR1502487",0.0801980198019802,0.0594059405940594,0.0732673267326733,0.00099009900990099,0.335643564356436,0.11980198019802,0.0564356435643564,0.097029702970297,0.0356435643564356,0.141584158415842
"SRR1502488",0.0762376237623762,0.0792079207920792,0.00099009900990099,0.00099009900990099,0.533663366336634,0.176237623762376,0.0277227722772277,0.00099009900990099,0.0336633663366337,0.0702970297029703
"SRR1502494",0.0287128712871287,0.00594059405940594,0.00693069306930693,0.00099009900990099,0.58019801980198,0.0257425742574257,0.0148514851485149,0.00099009900990099,0.256435643564356,0.0792079207920792
"SRR1502495",0.0247524752475248,0.0118811881188119,0.0257425742574257,0.00099009900990099,0.722772277227723,0.0108910891089109,0.00792079207920792,0.00297029702970297,0.178217821782178,0.0138613861386139
"SRR1502512",0.0772277227722772,0.11980198019802,0.0148514851485149,0.0643564356435644,0.491089108910891,0.0455445544554455,0.12970297029703,0.0425742574257426,0.00099009900990099,0.0138613861386139
"SRR1502513",0.0693069306930693,0.111881188118812,0.00099009900990099,0.00198019801980198,0.755445544554455,0.0198019801980198,0.0148514851485149,0.00099009900990099,0.0237623762376238,0.00099009900990099
"SRR1502544",0.0247524752475248,0.0564356435643564,0.0326732673267327,0.00099009900990099,0.0346534653465347,0.771287128712871,0.0128712871287129,0.0217821782178218,0.0099009900990099,0.0346534653465347
"SRR1502545",0.0178217821782178,0.408910891089109,0.108910891089109,0.00198019801980198,0.0099009900990099,0.331683168316832,0.0217821782178218,0.0623762376237624,0.00198019801980198,0.0346534653465347
"SRR1502548",0.112871287128713,0.205940594059406,0.0316831683168317,0.0376237623762376,0.205940594059406,0.0940594059405941,0.0732673267326733,0.175247524752475,0.00297029702970297,0.0603960396039604
"SRR1502549",0.0683168316831683,0.140594059405941,0.0326732673267327,0.0475247524752475,0.1,0.156435643564356,0.175247524752475,0.233663366336634,0.00297029702970297,0.0425742574257426
"SRR1502550",0.113861386138614,0.0267326732673267,0.00792079207920792,0.00396039603960396,0.0277227722772277,0.383168316831683,0.218811881188119,0.124752475247525,0.00099009900990099,0.0920792079207921
"SRR1502551",0.0326732673267327,0.0405940594059406,0.00594059405940594,0.00099009900990099,0.495049504950495,0.0801980198019802,0.155445544554455,0.0633663366336634,0.0762376237623762,0.0495049504950495
"SRR1502552",0.0257425742574257,0.0297029702970297,0.00792079207920792,0.00099009900990099,0.557425742574257,0.0366336633663366,0.165346534653465,0.0188118811881188,0.117821782178218,0.0396039603960396
"SRR1502553",0.0772277227722772,0.394059405940594,0.355445544554455,0.00099009900990099,0.0712871287128713,0.0376237623762376,0.00396039603960396,0.0336633663366337,0.00693069306930693,0.0188118811881188
"SRR1502554",0.0227722772277228,0.0346534653465347,0.289108910891089,0.00099009900990099,0.0554455445544554,0.153465346534653,0.345544554455446,0.0712871287128713,0.00099009900990099,0.0257425742574257
"SRR1502555",0.096039603960396,0.0851485148514852,0.0643564356435644,0.00495049504950495,0.5,0.0643564356435644,0.0158415841584158,0.135643564356436,0.0227722772277228,0.0108910891089109
"SRR1502556",0.0396039603960396,0.0465346534653465,0.0891089108910891,0.00099009900990099,0.673267326732673,0.0316831683168317,0.00594059405940594,0.0861386138613861,0.0207920792079208,0.00594059405940594
"SRR1502557",0.0455445544554455,0.242574257425743,0.0158415841584158,0.0267326732673267,0.476237623762376,0.00495049504950495,0.0782178217821782,0.0900990099009901,0.0099009900990099,0.0099009900990099
"SRR1502558",0.0752475247524752,0.00099009900990099,0.00792079207920792,0.00099009900990099,0.0128712871287129,0.00693069306930693,0.756435643564356,0.106930693069307,0.0306930693069307,0.00099009900990099
"SRR1502559",0.0811881188118812,0.22970297029703,0.0257425742574257,0.0108910891089109,0.402970297029703,0.00693069306930693,0.0792079207920792,0.13960396039604,0.0148514851485149,0.00891089108910891
"SRR1502560",0.0772277227722772,0.393069306930693,0.0663366336633663,0.0287128712871287,0.204950495049505,0.0217821782178218,0.0633663366336634,0.098019801980198,0.0455445544554455,0.00099009900990099
"SRR1502561",0.115841584158416,0.169306930693069,0.22970297029703,0.00198019801980198,0.353465346534653,0.0346534653465347,0.0267326732673267,0.0396039603960396,0.0128712871287129,0.0158415841584158
"SRR1502562",0.0623762376237624,0.0188118811881188,0.0841584158415842,0.0138613861386139,0.402970297029703,0.0712871287128713,0.188118811881188,0.0356435643564356,0.0881188118811881,0.0346534653465347
"SRR1502563",0.0366336633663366,0.0237623762376238,0.0702970297029703,0.0138613861386139,0.48019801980198,0.108910891089109,0.100990099009901,0.0455445544554455,0.0653465346534653,0.0544554455445545
"SRR1502564",0.0267326732673267,0.0554455445544554,0.0099009900990099,0.136633663366337,0.559405940594059,0.0138613861386139,0.112871287128713,0.0198019801980198,0.0514851485148515,0.0138613861386139
"SRR1502565",0.00891089108910891,0.0158415841584158,0.0178217821782178,0.00099009900990099,0.769306930693069,0.00693069306930693,0.0198019801980198,0.00396039603960396,0.134653465346535,0.0217821782178218
"SRR1502566",0.0297029702970297,0.0603960396039604,0.0801980198019802,0.0108910891089109,0.699009900990099,0.0188118811881188,0.0297029702970297,0.0306930693069307,0.0356435643564356,0.00495049504950495
"SRR1502567",0.00792079207920792,0.00099009900990099,0.00396039603960396,0.0495049504950495,0.805940594059406,0.0396039603960396,0.0118811881188119,0.00297029702970297,0.0435643564356436,0.0336633663366337
"SRR1502568",0.0178217821782178,0.0425742574257426,0.0198019801980198,0.00099009900990099,0.673267326732673,0.0554455445544554,0.0455445544554455,0.0099009900990099,0.0831683168316832,0.0514851485148515
"SRR1502569",0.0336633663366337,0.0722772277227723,0.0594059405940594,0.00099009900990099,0.573267326732673,0.0297029702970297,0.0217821782178218,0.00495049504950495,0.187128712871287,0.0168316831683168
"SRR1502570",0.102970297029703,0.0782178217821782,0.0643564356435644,0.0178217821782178,0.600990099009901,0.0237623762376238,0.0544554455445545,0.0158415841584158,0.0287128712871287,0.0128712871287129
"SRR1502571",0.0811881188118812,0.0861386138613861,0.0574257425742574,0.0198019801980198,0.342574257425743,0.0851485148514852,0.0544554455445545,0.216831683168317,0.0267326732673267,0.0297029702970297
"SRR1502572",0.0495049504950495,0.0831683168316832,0.0514851485148515,0.0445544554455446,0.359405940594059,0.0574257425742574,0.101980198019802,0.196039603960396,0.0188118811881188,0.0376237623762376
"SRR1502573",0.31980198019802,0.594059405940594,0.0287128712871287,0.0138613861386139,0.0237623762376238,0.00099009900990099,0.00198019801980198,0.0148514851485149,0.00099009900990099,0.00099009900990099
"SRR1502574",0.244554455445545,0.10990099009901,0.123762376237624,0.00594059405940594,0.0792079207920792,0.201980198019802,0.0841584158415842,0.0930693069306931,0.0405940594059406,0.0168316831683168
"SRR1502575",0.0574257425742574,0.0376237623762376,0.281188118811881,0.264356435643564,0.0425742574257426,0.0168316831683168,0.0851485148514852,0.168316831683168,0.0178217821782178,0.0287128712871287
"SRR1502576",0.098019801980198,0.0415841584158416,0.114851485148515,0.307920792079208,0.102970297029703,0.0227722772277228,0.0475247524752475,0.186138613861386,0.0148514851485149,0.0633663366336634
"SRR1502577",0.0277227722772277,0.0673267326732673,0.0673267326732673,0.155445544554455,0.466336633663366,0.0099009900990099,0.0465346534653465,0.0554455445544554,0.0455445544554455,0.0584158415841584
"SRR1502578",0.0653465346534653,0.0524752475247525,0.0693069306930693,0.353465346534653,0.281188118811881,0.00297029702970297,0.0871287128712871,0.0841584158415842,0.00099009900990099,0.00297029702970297
"SRR1502581",0.271287128712871,0.0326732673267327,0.0257425742574257,0.0188118811881188,0.581188118811881,0.0316831683168317,0.00495049504950495,0.00495049504950495,0.0118811881188119,0.0168316831683168
"SRR1502587",0.0287128712871287,0.0257425742574257,0.0326732673267327,0.0534653465346535,0.708910891089109,0.00099009900990099,0.0405940594059406,0.0534653465346535,0.0277227722772277,0.0277227722772277
"SRR1502588",0.0554455445544554,0.0178217821782178,0.00693069306930693,0.0336633663366337,0.338613861386139,0.0415841584158416,0.0514851485148515,0.0108910891089109,0.408910891089109,0.0346534653465347
"SRR1502589",0.0306930693069307,0.146534653465347,0.227722772277228,0.0742574257425743,0.465346534653465,0.00693069306930693,0.0138613861386139,0.0217821782178218,0.00396039603960396,0.00891089108910891
"SRR1502590",0.0277227722772277,0.116831683168317,0.0198019801980198,0.0287128712871287,0.70990099009901,0.00495049504950495,0.0257425742574257,0.0396039603960396,0.00495049504950495,0.0217821782178218
"SRR1502596",0.0574257425742574,0.67029702970297,0.0099009900990099,0.0138613861386139,0.175247524752475,0.0188118811881188,0.0346534653465347,0.0168316831683168,0.00099009900990099,0.00198019801980198
"SRR1502597",0.11980198019802,0.155445544554455,0.0138613861386139,0.173267326732673,0.416831683168317,0.0188118811881188,0.0544554455445545,0.00495049504950495,0.00396039603960396,0.0386138613861386
"SRR1502617",0.127722772277228,0.0831683168316832,0.00099009900990099,0.0376237623762376,0.552475247524753,0.135643564356436,0.0217821782178218,0.0227722772277228,0.0118811881188119,0.00594059405940594
"SRR1502618",0.0415841584158416,0.223762376237624,0.0148514851485149,0.0198019801980198,0.537623762376238,0.0198019801980198,0.0465346534653465,0.0099009900990099,0.0633663366336634,0.0227722772277228
"SRR1502619",0.0435643564356436,0.498019801980198,0.00693069306930693,0.00099009900990099,0.300990099009901,0.0297029702970297,0.0178217821782178,0.00693069306930693,0.0514851485148515,0.0435643564356436
"SRR1502626",0.0762376237623762,0.163366336633663,0.00198019801980198,0.144554455445545,0.440594059405941,0.0465346534653465,0.0702970297029703,0.0247524752475248,0.0108910891089109,0.0207920792079208
"SRR1502627",0.105940594059406,0.203960396039604,0.0108910891089109,0.133663366336634,0.385148514851485,0.0623762376237624,0.0524752475247525,0.0158415841584158,0.00099009900990099,0.0287128712871287
"SRR1502628",0.196039603960396,0.162376237623762,0.0108910891089109,0.297029702970297,0.230693069306931,0.0099009900990099,0.0633663366336634,0.0128712871287129,0.00099009900990099,0.0158415841584158
"SRR1502637",0.122772277227723,0.0297029702970297,0.0168316831683168,0.0198019801980198,0.713861386138614,0.0267326732673267,0.0237623762376238,0.0198019801980198,0.00198019801980198,0.0247524752475248
"SRR1502638",0.182178217821782,0.0702970297029703,0.0495049504950495,0.0148514851485149,0.566336633663366,0.0287128712871287,0.0267326732673267,0.0237623762376238,0.0148514851485149,0.0227722772277228
"SRR1502639",0.0445544554455446,0.0217821782178218,0.0118811881188119,0.00297029702970297,0.603960396039604,0.099009900990099,0.108910891089109,0.0386138613861386,0.0148514851485149,0.0534653465346535
"SRR1502640",0.0425742574257426,0.0574257425742574,0.0346534653465347,0.00099009900990099,0.605940594059406,0.0574257425742574,0.0336633663366337,0.0356435643564356,0.096039603960396,0.0356435643564356
"SRR1502641",0.0910891089108911,0.0118811881188119,0.00693069306930693,0.00099009900990099,0.744554455445545,0.0465346534653465,0.0415841584158416,0.0148514851485149,0.0158415841584158,0.0257425742574257
"SRR1502642",0.0386138613861386,0.0633663366336634,0.00099009900990099,0.00099009900990099,0.585148514851485,0.0475247524752475,0.0435643564356436,0.0564356435643564,0.128712871287129,0.0346534653465347
"SRR1502643",0.0257425742574257,0.00099009900990099,0.0396039603960396,0.00099009900990099,0.426732673267327,0.223762376237624,0.101980198019802,0.0168316831683168,0.0227722772277228,0.140594059405941
"SRR1502644",0.0277227722772277,0.00099009900990099,0.00891089108910891,0.00099009900990099,0.575247524752475,0.107920792079208,0.0871287128712871,0.00099009900990099,0.00099009900990099,0.189108910891089
"SRR1502654",0.00495049504950495,0.0366336633663366,0.0396039603960396,0.00891089108910891,0.778217821782178,0.00594059405940594,0.00099009900990099,0.0792079207920792,0.0445544554455446,0.00099009900990099
"SRR1502655",0.00198019801980198,0.101980198019802,0.0128712871287129,0.00099009900990099,0.817821782178218,0.00099009900990099,0.00099009900990099,0.00198019801980198,0.0386138613861386,0.0217821782178218
"SRR1502656",0.0138613861386139,0.0475247524752475,0.00396039603960396,0.00099009900990099,0.730693069306931,0.0188118811881188,0.0128712871287129,0.0613861386138614,0.101980198019802,0.00792079207920792
"SRR1502657",0.0594059405940594,0.0950495049504951,0.00495049504950495,0.00099009900990099,0.720792079207921,0.0396039603960396,0.00594059405940594,0.0158415841584158,0.0267326732673267,0.0306930693069307
"SRR1502658",0.00693069306930693,0.0861386138613861,0.0108910891089109,0.00099009900990099,0.71980198019802,0.0128712871287129,0.0099009900990099,0.0118811881188119,0.107920792079208,0.0326732673267327
"SRR1502659",0.0613861386138614,0.00693069306930693,0.0366336633663366,0.0811881188118812,0.218811881188119,0.121782178217822,0.367326732673267,0.00792079207920792,0.00099009900990099,0.097029702970297
"SRR1502667",0.0881188118811881,0.220792079207921,0.0178217821782178,0.128712871287129,0.433663366336634,0.00396039603960396,0.0475247524752475,0.0574257425742574,0.00099009900990099,0.00099009900990099
"SRR1502671",0.0306930693069307,0.0435643564356436,0.0267326732673267,0.282178217821782,0.569306930693069,0.00099009900990099,0.0168316831683168,0.0158415841584158,0.00198019801980198,0.0118811881188119
"SRR1502672",0.0861386138613861,0.137623762376238,0.0564356435643564,0.0930693069306931,0.507920792079208,0.00891089108910891,0.0247524752475248,0.0544554455445545,0.0277227722772277,0.00297029702970297
"SRR1502673",0.00495049504950495,0.00594059405940594,0.00495049504950495,0.136633663366337,0.714851485148515,0.00198019801980198,0.0435643564356436,0.0267326732673267,0.0564356435643564,0.00396039603960396
"SRR1502674",0.0247524752475248,0.00792079207920792,0.0168316831683168,0.0316831683168317,0.572277227722772,0.0099009900990099,0.0782178217821782,0.0425742574257426,0.204950495049505,0.0108910891089109
