"","other","Mortierellomycetes","Tremellomycetes","Umbelopsidomycetes","Agaricomycetes","Sordariomycetes","Eurotiomycetes","Leotiomycetes","Pezizomycetes","Dothideomycetes"
"1",0.0962326215631992,0.15691546346524,0.0796665100395958,0.0553580401469631,0.345882275857473,0.0489741932296497,0.046637339786097,0.0815992857443931,0.0378834926691537,0.0508507774982354
"2",0.0862724597914455,0.139544066943738,0.075684097638501,0.055972404515583,0.378485497530365,0.0404866587507951,0.0543529226734536,0.0901148798553865,0.0319721722347276,0.0471148400660041
"3",0.0817966314010388,0.126996993714772,0.0628867690134358,0.0834703254604199,0.366734372256371,0.0277346291825416,0.0719959076859653,0.107290551414536,0.0281543390120991,0.04293948085882
"4",0.0599890183126114,0.106769995338644,0.0485647262846165,0.0323707823030795,0.523446555427201,0.0336454566805876,0.0508570581682834,0.068848388908437,0.0320949831984106,0.0434130353781285
"5",0.043409315397299,0.0606220081493075,0.0222518354515666,0.0170962523427793,0.691102856829945,0.0281124421260292,0.026796311115839,0.0266439117689591,0.0503500890688342,0.0336149777494414
"6",0.069040133492564,0.103144634231067,0.0546878186845825,0.035578335382814,0.514177392892708,0.0452850647673979,0.0483986013641541,0.0582045413923029,0.0317515122186309,0.0397319655737792
"7",0.0689897606934037,0.0952905655235216,0.0455796532562639,0.0378951533696697,0.541485941605223,0.038697385749357,0.0394947223932574,0.0473357119267044,0.0443519679388138,0.0408791375437859
"8",0.0336328265094271,0.0516379159722696,0.0168942248180237,0.012390094078875,0.736085444147114,0.0258595398951001,0.0223069662562881,0.0189286983505385,0.049619635022839,0.0326446549495256
"9",0.0660888810406269,0.104260092484408,0.0508665676830032,0.0636237567269628,0.45334254314285,0.0254869315981788,0.0746102667163916,0.0907413816348014,0.0296059761614322,0.0413736028113454
"10",0.0332809991076951,0.0639950605954865,0.0227505429122981,0.0160483423216232,0.698970029172348,0.0214362467875419,0.0373603526785685,0.0368646822554854,0.0329543097516863,0.0363394344172673
"11",0.0631518898650548,0.0894682678247493,0.038389829555588,0.0373369287509646,0.566207984807427,0.0363596001487913,0.0401082175706544,0.0414198185663513,0.0459500925835753,0.0416073703268446
"12",0.063759149467515,0.0926740463456834,0.0397138480525199,0.0331757452634064,0.564189805619337,0.0406050551421352,0.0374074846729258,0.0395592922484955,0.0463406793573425,0.0425748938306396
"13",0.0356166305307642,0.0554850747516169,0.0174450001238583,0.0106750970464963,0.722695536980326,0.031850290593449,0.0225794899469743,0.0194109411979156,0.0513503849771303,0.0328915538514698
"14",0.0227043709619779,0.0394997921015214,0.0104065202869224,0.0096860209801854,0.78799926396923,0.0130446888722687,0.0263377060826278,0.0221648566055751,0.0399438110789451,0.0282129690607458
"15",0.0266178134231052,0.0406256365644652,0.0120811041853462,0.0084947718139181,0.780269999036914,0.021533824696051,0.0184900802611665,0.0145762911348007,0.048819214115525,0.0284912647687078
"16",0.0256638587710868,0.0394436107055868,0.0122165889334191,0.00795762305659761,0.784980327315312,0.0213731410349721,0.0185841837211543,0.0148304888641077,0.0475732843932069,0.0273768932045568
"17",0.0355712142549685,0.0520517471098182,0.0184267631581189,0.0112265110385379,0.731957433320779,0.0279724460003511,0.0218668223623336,0.0202606197649517,0.0490358760954109,0.0316305668947301
"18",0.0326047955661294,0.047612505926666,0.0159764760806314,0.00959950433286133,0.750548779758576,0.0253244404838187,0.0184563789695514,0.0175338270588899,0.0521195878155688,0.0302237040073068
"19",0.0588660264285093,0.0933766861407995,0.0326938590298613,0.0241767324003867,0.580425413881388,0.0324414403722163,0.0364193374293997,0.0473927756899003,0.0507012041150004,0.0435065245125386
"20",0.0337573939274425,0.0504812512494643,0.0165444526437618,0.00982212281267593,0.739483013150446,0.0285426380133308,0.020171709096587,0.0180027596411457,0.0517806930496929,0.031413966415453
"21",0.0314972491657398,0.0455503291451809,0.0159510043008039,0.0107715919941411,0.756314304541211,0.023274869839433,0.0226849629076787,0.0197729598058694,0.0451807602511479,0.0290019680487942
"22",0.088397312910022,0.125019579280344,0.0706674868740216,0.0492275170125017,0.42984729943242,0.0525788401314378,0.0411644355589984,0.0577130382197793,0.040160577465087,0.0452239131153879
"23",0.0696587459504388,0.096185395379615,0.0468608859736313,0.0333246953764081,0.54113364652784,0.0441509168103754,0.0378125116224313,0.0441921488887443,0.0448072257723091,0.041873827698207
"24",0.0806294044043465,0.0286005812413529,0.04998573959951,0.0170004204030464,0.46636593820683,0.112401290232794,0.0777192282182207,0.027752013202961,0.050513706753831,0.0890316777371083
"25",0.0668652518722187,0.0239790761561683,0.0396053834880687,0.0147922705348687,0.527496344273654,0.0928983039864942,0.0709638766222339,0.0224792766708697,0.0549429381987893,0.0859772781966346
"26",0.0229371265238056,0.0376368887304898,0.0119862816407747,0.00670791037046819,0.801713283580354,0.0206536505104523,0.0170021779939659,0.0137007161992517,0.0408694166885658,0.0267925477618724
"27",0.0592839424131372,0.0780042229132398,0.0216949353046103,0.0610912282843639,0.549878339854506,0.0164516342693941,0.0577798361250045,0.0565240071870692,0.0594488382684957,0.0398430153801795
"28",0.0517991106120157,0.0816082692472628,0.0408417576583607,0.0252382412439223,0.613142792456144,0.0354640845083213,0.0400296219975544,0.0441572378072787,0.0305846001298877,0.0371342843392527
"29",0.0571365500894366,0.0844523235694156,0.0362796267625364,0.0247709489584758,0.603986578136419,0.0404044160670896,0.0314615971722563,0.0334082098667181,0.0467260545547987,0.0413736948228537
"30",0.110370988101926,0.0927007819694266,0.0580087379132353,0.0148827094404667,0.303298695625333,0.180591763004983,0.0425731289925143,0.0489773845756026,0.0477987464222735,0.100797063954239
"31",0.123683283745235,0.0964250404573161,0.0600855157723088,0.0198743229804801,0.275744318280926,0.170605315332909,0.0495265238930077,0.0573494452879361,0.0476097462479967,0.099096488001885
"32",0.0322187533336518,0.0473183218636989,0.0159744132046262,0.00993618060373055,0.752125645699433,0.0245145313532839,0.0189921257285774,0.017909355084052,0.050981959980009,0.0300287131489373
"33",0.0670196896924412,0.0979429953981588,0.0473163710849949,0.0296851445799355,0.553730871702928,0.0440206400881337,0.0335129660979711,0.0421759094674654,0.0421352669940656,0.0424601448939055
"34",0.0474031996096703,0.0702632373806599,0.0283546551670204,0.0191112620432108,0.661022257535308,0.0337269025414162,0.0268983994157998,0.0273982923139394,0.047818773001989,0.0380030209909859
"35",0.0539008382168201,0.0801219023759098,0.0338302645409743,0.0222049267849597,0.629050431055683,0.0347712864267041,0.0327726951787477,0.0384962159454541,0.0376454827575312,0.0372059567172164
"36",0.0801679174254467,0.118134733502096,0.0701741410769457,0.031612635405944,0.471163825708944,0.0481405212813491,0.042016308958288,0.0760616122015795,0.0253739203885101,0.0371543840508969
"37",0.0653487904466082,0.109903134189692,0.04611439101384,0.0306131869071284,0.521480373441288,0.032572228675435,0.0470563164279594,0.0736449749522533,0.0308449342518636,0.0424216696939323
"38",0.0299423218748495,0.0483604007291961,0.0164939732297943,0.00846721562079145,0.766932229633669,0.0244046763194502,0.023148211897735,0.0228010143991154,0.0318680314855711,0.0275819248098277
"39",0.0392047703033198,0.0600443446566211,0.0213943808412559,0.0117698397976181,0.716015674662677,0.0303026898724176,0.0227487277611436,0.0241140652345366,0.0414110041206159,0.0329945027497946
"40",0.0643570058591874,0.0946180756231293,0.0440729331956163,0.026744934971553,0.570415920683337,0.0428137185978177,0.0352175224195866,0.043834070820007,0.0373003051332419,0.0406255126965233
"41",0.0900051712723922,0.132019976713035,0.0497287385647713,0.0305420497220323,0.452065108697772,0.0612438626490901,0.0420089237676337,0.0632265141071781,0.0386546518507333,0.0405050026553621
"42",0.0677344679782079,0.099448734335896,0.0538674920639207,0.0268041267922127,0.542696248160936,0.0395247692418035,0.0413408631933948,0.067667707941014,0.0262066549903414,0.0347089353022726
"43",0.0722332640675735,0.111972843994706,0.060455489517713,0.0326910002184429,0.505930526258554,0.0503648606874902,0.0392153222893682,0.0522593914271602,0.0314432493936814,0.04343405214531
"44",0.0515479557204237,0.0731183050334056,0.0301616935763243,0.0169799039180054,0.652484992483044,0.0361067220316338,0.0273868519776285,0.0324187669241461,0.044129352329831,0.0356654560055578
"45",0.0536306308696524,0.0811320973068575,0.0317743743997655,0.0187544870408776,0.633243019586233,0.0389644661986378,0.0287866062947686,0.0333776491339359,0.0420017774967023,0.0383348916725695
"46",0.0517562253582472,0.0798853467389877,0.0313487658337296,0.0183389421050185,0.638319272430404,0.039775359382221,0.0268059372382699,0.0294184609369842,0.0444154922862624,0.0399361976898755
"47",0.050097141613092,0.0798455532376143,0.0278159285407512,0.0154326293524771,0.647783205714083,0.0413564248103244,0.0274990597083981,0.0300351852672293,0.0420695311112352,0.0380653406447954
"48",0.0487997921673914,0.0758289719348902,0.0337716913377604,0.0163706488764342,0.655848112762896,0.034228944994332,0.0311100607059544,0.0403362572013702,0.0298727723846298,0.0338327476343417
"49",0.0852793845784899,0.125642430488485,0.0730105674225334,0.046021323635793,0.43692806157776,0.0510710579002392,0.0438965052510995,0.0636474113693193,0.0303020253960166,0.044201232380264
"50",0.0858751044911164,0.126206511782469,0.0704088278182475,0.0469275014961946,0.439988834590458,0.0524188465252445,0.0399986043869437,0.0557764860317368,0.0356989753976952,0.0467003074798944
"51",0.081704941954991,0.12054595152557,0.0670701361763804,0.0434432341415861,0.457408981970449,0.0531305581974451,0.0419014280270253,0.053891273252183,0.0346224634588688,0.0462810312955015
"52",0.0363553172515902,0.0570620012015223,0.0209557996267864,0.0104999728823488,0.73137094256106,0.029096242576192,0.0219979964856758,0.0234044126320561,0.0373554198958082,0.0319018948869597
"53",0.0651448813919213,0.0811394592480581,0.0348176996698304,0.019329739631152,0.599746974392621,0.0448108656506684,0.0391299238254633,0.0451102276058174,0.0354563283856821,0.0353139001987856
"54",0.145771235210138,0.210356350421856,0.0898612152380506,0.0644899997144346,0.117821015326003,0.121161163645996,0.0904489201306967,0.103324137222501,0.0120634691367978,0.0447024939535252
"55",0.12206656449536,0.152337883736412,0.0700896258838788,0.0344054563113957,0.33140030823265,0.0862508780678706,0.057806419656712,0.0864351609646473,0.0180372626418479,0.0411704400092256
"56",0.113237783609076,0.180923603348144,0.0497848960384214,0.0225972090759356,0.33751962475712,0.0773316494463481,0.0613114810396778,0.0968603094073679,0.00880554077417821,0.051627902503731
"57",0.11936504369157,0.196192359664089,0.0648232557664274,0.0267418011133388,0.273278708802096,0.0835330966258292,0.0669898910460843,0.112131671138165,0.00670300280405406,0.0502411693483465
"58",0.0616998111507778,0.0486253057731533,0.0400054925899435,0.0156544453354097,0.55261811103112,0.0581553051163394,0.0283363244465878,0.0309188039784996,0.0712967527377218,0.0926896478404465
"59",0.0519272118103709,0.0767582837383129,0.0224235203820087,0.0170439604352466,0.590931495201548,0.0707493968056343,0.0413274158507769,0.0203196636962057,0.0635062737656335,0.045012778314262
"60",0.0159385309321583,0.00763375944234907,0.00893982196074564,0.00851003558142707,0.711874944133416,0.0162053611033359,0.025035199688975,0.00603416440766663,0.153254246459714,0.0465739362902124
"61",0.0152137625475245,0.00771532564421839,0.00934460231427401,0.00594746620896877,0.765005499551402,0.0123265939729941,0.0175242489463358,0.00765970597985323,0.120510630299254,0.0387521645351754
"62",0.123163135815283,0.12658842598878,0.0740189476930373,0.130629710618941,0.17570648019399,0.0786509958653238,0.136824605362757,0.0727657695451937,0.0322957763773697,0.0493561525393241
"63",0.0408167374015908,0.0418046344264163,0.0176825760598401,0.0134230395172556,0.671205260538127,0.0572765118445156,0.0460292865455217,0.0135042256992842,0.0593456492125831,0.0389120787548652
"64",0.137192026551591,0.253041283154507,0.0504294742964338,0.0400848124820424,0.108588243307568,0.204993654377786,0.073777310036096,0.0605726606178837,0.0202854339468064,0.0510351012292853
"65",0.152840592564526,0.27650701682696,0.0858020265634978,0.0600962212072145,0.0418040553519392,0.180124992857829,0.0692285870234467,0.0913526222902635,0.00769473282680496,0.0345491524875179
"66",0.115719267728012,0.139854448787491,0.0636086839851103,0.076576688765658,0.337869948697826,0.0405352166354009,0.0539163778091264,0.100561554975391,0.0344411872341103,0.0369166253818748
"67",0.0895721416500886,0.116671764499006,0.0564756725321618,0.0441539756775457,0.464932813516511,0.0403410607036004,0.0406690827858055,0.0706812893595189,0.0379153211086591,0.0385868781671036
"68",0.0888796453224159,0.137293345356263,0.0611136333946907,0.0429646129166433,0.419583814664293,0.0415144380921815,0.0424740176850958,0.0767273304679083,0.0416900652035439,0.0477590968969648
"69",0.0475832878414369,0.0665509052177214,0.0305826022233374,0.0223191110111361,0.616602605842472,0.0289654555521261,0.0361552731723825,0.03641633240771,0.0767505060450177,0.0380739206866595
"70",0.0541742204081209,0.0670393039329385,0.0393995068868898,0.0239326920033536,0.605451714615685,0.0398592704375136,0.0317513172416125,0.0311093492202615,0.0716066626932581,0.0356759625603668
"71",0.112029439437939,0.115231390169346,0.0833265638183679,0.0469437473176181,0.33941174831406,0.0883517762472853,0.0719718919220223,0.0698313729409427,0.032252021517603,0.0406500483148153
"72",0.0996982396931127,0.146292560184154,0.0808603123408548,0.0590674813071615,0.332160685965066,0.0709621441801465,0.068159215554085,0.0754719143273741,0.0211922656139607,0.0461351808340843
"73",0.109740514703249,0.137008305030847,0.0783645177674912,0.057940545255522,0.338605949143957,0.05765699579276,0.0664626074451453,0.0946830401971722,0.0193107317880844,0.0402267928757716
"74",0.0994915476127001,0.132306600540182,0.0789779105705996,0.0611108190395679,0.354656425593262,0.0534887313843824,0.0692632047959257,0.0911266717314612,0.0185635595249636,0.0410145292069553
"75",0.0843845926333317,0.112570534303434,0.0655362879734535,0.0691277804771867,0.353562221778649,0.0350510729766953,0.0983308098482002,0.118725692059984,0.0242257387835547,0.0384852691655109
"76",0.0951371913847015,0.0886996435929712,0.0478791768098283,0.0601342542622237,0.31703025603075,0.0363718477152968,0.156754407380459,0.149340534862781,0.0192732945727315,0.0293793933882573
"77",0.0900375045159955,0.0997217809578401,0.0588405589922325,0.0540712895518277,0.352652930327419,0.0408813236026644,0.119361539497996,0.12770251673186,0.0225352280197172,0.034195327802447
"78",0.0948940334245396,0.120080790054332,0.0679267292841727,0.0553225278593254,0.35447597347418,0.0441160874786467,0.0843334692942329,0.111369770228597,0.0273978254077327,0.0400827934942414
"79",0.0897870690450779,0.132170590508168,0.0700594093043425,0.0678439405278257,0.398309372525083,0.0498486555550138,0.053095606555753,0.0612711129106529,0.0281114175272165,0.0495028255408664
"80",0.0748201695474349,0.0619265150739067,0.0577558705407186,0.0427709273681317,0.470866663159372,0.0537707234754236,0.0712773725048765,0.0498362339565514,0.0861801677305819,0.0307953566430025
"81",0.0770156017986736,0.0634936610677319,0.0579053356773943,0.044081549334314,0.460617472176268,0.055141911845234,0.0728125821068689,0.0509446052098627,0.087050167067734,0.0309371137159188
"82",0.0547728555152329,0.0456554367053475,0.0369368851398131,0.0255712459274955,0.582293687180768,0.042560614106501,0.0558943274436005,0.0347347454691025,0.0941132628052857,0.0274669397068538
"83",0.0449644856729595,0.0414268575730343,0.0240455734146414,0.0132607497856724,0.631813693012639,0.0479194045538459,0.0451118914371386,0.025550711306957,0.100517143601547,0.0253894896415651
"84",0.0701628368033837,0.0590787477503311,0.0504909626652757,0.0350534579085058,0.495596835825758,0.05665066461532,0.0598106340955577,0.0393300154572923,0.102014868847671,0.0318109760309052
"85",0.059416445132951,0.0197192789134944,0.0492172202427003,0.0257697163256389,0.511688700216261,0.0498503162176303,0.0610982289577099,0.027986893459631,0.131268008061752,0.0639851924722311
"86",0.0767492046345405,0.0290255528311188,0.0604825044689773,0.0257418465509652,0.412457072005835,0.0898374223468366,0.066823275069735,0.0315848311527589,0.133596547304414,0.073701743634819
"87",0.0486447712507823,0.0171089744945254,0.0378045962539133,0.0116526812728661,0.606647270906726,0.0451522387878088,0.0429384668812251,0.0260201800021783,0.111352270170089,0.0526785499798859
"88",0.063785478283847,0.0227587347854525,0.0607437802159564,0.0243984552734674,0.49045263686245,0.061533588811774,0.0629442911620208,0.0314988955836615,0.115061784207438,0.0668223548139322
"89",0.0822972093747424,0.107933027573109,0.0631738091357519,0.0425017595037117,0.421779467167071,0.0490168528462692,0.0540959079057945,0.0675947970841552,0.0687468318096481,0.0428603375997469
"90",0.0951765697464487,0.11380448084417,0.0820870414800536,0.0782661332816111,0.332675455970382,0.0402170961739734,0.0677423741884107,0.0929908579759598,0.0564022688980564,0.0406377214409353
"91",0.110139550206167,0.137194736547457,0.103924321110255,0.0882638292080892,0.247588534514956,0.0514118153064856,0.0688878579884419,0.103930690874581,0.0478509341968973,0.0408077300466714
"92",0.0731793143640281,0.0837645587768967,0.0523606818496083,0.0350249587448475,0.50510193955101,0.0516336840188111,0.0443917214927442,0.045041046081296,0.0726943722749427,0.0368077228458154
"93",0.0888176959135256,0.141940617469257,0.0763460863546526,0.068041346696839,0.397103296495315,0.0377967425388517,0.040996801309158,0.0763008312065724,0.0287409738001273,0.0439156082157012
"94",0.0891003306241477,0.144971023900804,0.0776521101394262,0.077514400781828,0.340872776570735,0.0306348546103073,0.0546103157112777,0.109819077348702,0.0312762839366296,0.0435488263761432
"95",0.0807139055510599,0.116340122408155,0.0610779433157019,0.0499386681563775,0.472454771458801,0.0382348884483129,0.0361951718136662,0.0592697939066101,0.0438701591609067,0.0419045757804087
"96",0.0862615806914518,0.141621145071127,0.0752529173758015,0.0763123155745822,0.351995724047081,0.0295124845622098,0.0553745136133621,0.109449088251661,0.0310114818767926,0.0432087489359312
"97",0.0393150012460063,0.0478627064140283,0.0239414433693642,0.0200178271264286,0.655829629298825,0.0433519913352877,0.0435037614497129,0.0181138509468002,0.0709705593403243,0.0370932294732225
"98",0.0860112849632492,0.0595378736322576,0.0382497927272253,0.0651589678312412,0.392212226371039,0.0374311064637035,0.121118743068508,0.0714199311110348,0.0979244387383437,0.0309356350933971
"99",0.0385700502395995,0.0395355318482924,0.0244428044289605,0.0174674000686489,0.655294353340383,0.043375590589576,0.0387063078558797,0.015787300647939,0.0932148076074258,0.0336058533732956
"100",0.115265582665945,0.111210002908278,0.0687600694926555,0.0645217224628331,0.35162583793455,0.051689878216191,0.0720168237028654,0.094679345281025,0.0355844974621179,0.0346462398735394
"101",0.0713642042091025,0.0803582826620607,0.0362408606762794,0.0453646570842565,0.467011793329926,0.0256273595388388,0.101596015811303,0.112156783456971,0.0296249263298888,0.0306551169013732
"102",0.10539212499643,0.171103260099325,0.0533254244680717,0.0547991985877576,0.268859178644929,0.131735288854395,0.091971334856696,0.044043200346776,0.0119658864474818,0.0668051026981378
"103",0.102573454914723,0.184179408748684,0.0450117604536909,0.0597781532233894,0.258709624527366,0.104826702496933,0.102863070064187,0.0504352540418635,0.014637600524447,0.0769849710047155
"104",0.0569109169031551,0.0752569266876473,0.0288928426230994,0.0389030783484821,0.55116269909737,0.0362017238095532,0.071823307959697,0.0521437363434427,0.0566326710651027,0.0320720971624507
"105",0.0961423764551634,0.150718204023286,0.0621375238299466,0.0346551551817544,0.398370021916992,0.0742000285492555,0.0397458798975213,0.0597572478369713,0.0393414989066732,0.0449320634024362
"106",0.0971351660894062,0.167861794775339,0.0674602400882547,0.0362061898355603,0.36183578548022,0.0612436811668667,0.0418726216198119,0.0771135167495717,0.0390030694749428,0.050267934720026
"107",0.123782364183963,0.149178563493084,0.0592117009166302,0.106070658149115,0.227832778106745,0.0854462741973794,0.105786261772584,0.0675036638522513,0.0273476480689989,0.0478400872592504
"108",0.108555069358265,0.158307364236712,0.0483725740415408,0.0523038858250551,0.2948202391023,0.0945060594537274,0.0854349078449611,0.0597186927703299,0.038994351420719,0.0589868559463891
"109",0.110516766434428,0.150861964105417,0.0500547599599085,0.0794058794536473,0.283059841971615,0.0686507758481542,0.0959125313314259,0.0689271062785148,0.0352192025258033,0.057391172091086
"110",0.030934775085603,0.0526624716199894,0.0204045907777575,0.0106778223520913,0.744186643225441,0.0280938361390183,0.024674117622601,0.0214688895641653,0.0352299282980247,0.0316669253153089
"111",0.0550894242825059,0.0969699005624493,0.0298143516813133,0.0162023550827576,0.590987455266792,0.0596026555373399,0.0327749630161772,0.0308088538673336,0.0455749702882405,0.0421750704150901
"112",0.0810441003887213,0.0935721779105519,0.0367530994579716,0.0234687584884119,0.481961392934582,0.0743134499834303,0.0762314998158898,0.0478879398891839,0.0350380760824776,0.0497295050487797
"113",0.0596685227665467,0.0622005648148427,0.0248070949311091,0.0156524655844572,0.577890134518491,0.0635482758809316,0.0752233295224582,0.0340821007738926,0.0448030195080169,0.0421244916992546
"114",0.0525521780902464,0.0497887460130059,0.0230588949859335,0.0118119432898938,0.639645967397416,0.0678961664023149,0.0569768596778702,0.0242330489043022,0.0396829243602582,0.0343532708787589
"115",0.0784144957342175,0.0933693627764017,0.0355499594766236,0.0225109585716098,0.498717323108846,0.067022203307119,0.0722070471297194,0.0504016155640871,0.033922918148655,0.0478841161827207
"116",0.0602058672718369,0.0228008881617306,0.032454051995106,0.0111509991026523,0.572031682122035,0.0866422645383946,0.060967551372203,0.0200291852625113,0.0498693997653829,0.0838481104081474
"117",0.0557694151357105,0.0228423831761079,0.0317343475874276,0.0113307570512451,0.592466538702577,0.0763423562293095,0.0531242924920616,0.0187781772834309,0.0526441697364939,0.0849675626056359
"118",0.0985974770036756,0.153372478466125,0.0820293840544795,0.0640885496297538,0.33485190247643,0.0450942225332257,0.0488841343139408,0.0856253787583547,0.0373966994042194,0.0500597733597953
"119",0.0676161957102343,0.109499832315725,0.04458102550663,0.0301763019049555,0.524249061222177,0.0373420299135619,0.0368092362784875,0.052877016657614,0.0492208853147309,0.0476284151758841
"120",0.0807890528881137,0.114987449312005,0.0600771141993897,0.0381818089315091,0.483412863902876,0.050204883508586,0.0363682039510218,0.0504632467082677,0.040843629212537,0.0446717473856935
"121",0.0269780975274586,0.0442462874933153,0.0150406144428663,0.00788954698431713,0.78125614245774,0.0226734069295373,0.0180035538930677,0.0169016935236561,0.0384383142422519,0.0285723425057895
"122",0.0412998992365753,0.0615344020119985,0.0225746037762076,0.0146086827490854,0.700824639981259,0.0294379177444879,0.0230088496691114,0.023881548473803,0.0481869991176823,0.0346424572397898
"123",0.08662920097834,0.104116634405984,0.0606421733477822,0.0873213291582937,0.35272585862009,0.0775084433962051,0.105801343730704,0.040373078542403,0.0265608032304409,0.0583211345897567
"124",0.107321667723366,0.118463990667903,0.0862110899739934,0.0801807791143165,0.330453815710629,0.0383390589482284,0.05936604683929,0.112116539666463,0.0354019627970148,0.0321450485587954
"125",0.105631073346955,0.130663828797461,0.0656400549122102,0.100686799716628,0.306669752142549,0.0319278754223681,0.0664237355008439,0.105229861257744,0.0451182930440491,0.0420087258591917
"126",0.0949043026527208,0.104308229644272,0.0668593757681878,0.0713748294160445,0.397551009462567,0.0326547021339663,0.0594517019940387,0.101169133644955,0.0401521039473185,0.0315746113359298
"127",0.0568462911125879,0.0462541981335343,0.0253926554473539,0.0315434341857302,0.540919409950086,0.0321219174312991,0.0891546635730501,0.0478833868585556,0.100971975513658,0.0289120677941446
"128",0.0605048569169868,0.0688384850361583,0.0353420373475507,0.0267721341131356,0.527787846855999,0.0368167038935966,0.0568362088727882,0.0559213562234343,0.0994068058303477,0.0317735649100027
