"","other","acetobacteraceae","bradyrhizobiaceae","caulobacteraceae","comamonadaceae","hyphomicrobiaceae","mycobacteriaceae","oxalobacteraceae","rhodospirillaceae","sphingomonadaceae","xanthomonadaceae"
"ram_samp_61",0.682566852691531,0.00832523619084324,0.0270139307911719,0.0167160786644602,0.0826986126615389,0.108252542013009,0.00212745481828526,0.00556007219385584,0.035166397058152,0.014618368046056,0.016954454871097
"ram_samp_62",0.733124441510789,0.00752555013391579,0.027150932943025,0.0133859075005248,0.0313758417422082,0.119553777002581,0.00221034228978205,0.00357321609597018,0.0415973952886192,0.00875213655948512,0.011750458933099
"ram_samp_63",0.707665346986708,0.00334545052580963,0.0275756121383649,0.0171183844950515,0.0456844697645903,0.124623785754968,0.00270781469390028,0.00283534186028215,0.0335693889583127,0.0118897706733949,0.0229846341486176
"ram_samp_64",0.729580477184208,0.00555545159660922,0.0270206995608226,0.0168193935976321,0.0357343150710479,0.096517096435058,0.0008798530301469,0.0085308325025398,0.0438103489585736,0.0227701554094932,0.0127813766538691
"ram_samp_65",0.668937437118809,0.0135211835288701,0.0328589132337543,0.0126217542402708,0.145512431630813,0.0398294902203986,0.004976605287177,0.0324091985894546,0.0110477529852221,0.0292611960793572,0.00902403708587372
"ram_samp_66",0.670835514422045,0.0060581182436485,0.0296585613086104,0.0142669680053744,0.0943032531822021,0.110207899595546,0.00272327302794734,0.00285153630547431,0.0390217805680792,0.0149082843930093,0.0151648109480632
"ram_samp_67",0.753105583193741,0.00275540925762377,0.0278920981234737,0.00979671065679256,0.0297092081619688,0.126167466038754,0.000635447546046081,0.00305826093070631,0.0264535526763317,0.00820673937310928,0.0122195240414528
"ram_samp_68",0.752800954010133,0.00185004330137858,0.0273028462550772,0.0111398456124696,0.0521279598634319,0.0970077480555269,0.000594664610690613,0.0121127640977527,0.0279933045349557,0.00847216589475764,0.00859770376382644
"ram_samp_69",0.723932250824725,0.00898900140608946,0.0124852969011952,0.00942603834297767,0.0701741725704397,0.0623075077064518,0.00177789194743389,0.00352603969498674,0.0225371464496242,0.0264704788816181,0.0583741752744579
"ram_samp_70",0.70344876853817,0.00842696045450177,0.0235419497128191,0.0119537912814425,0.0724137483147119,0.123300878817713,0.00238096475117483,0.00187713177589758,0.0289161681157763,0.0116179026312576,0.0121217356065349
"ram_samp_71",0.696733755542947,0.00355112072436341,0.0349826667391877,0.0115068232426384,0.0142456716505691,0.146753766053313,0.00250774990229455,0.00315985666608758,0.0439817400795315,0.0240272731074647,0.0185495762916032
"ram_samp_72",0.791148857257751,0.00406426519640589,0.0146160893411631,0.0084091339618942,0.0465819095443987,0.0704786877545843,0.000650439737807924,0.00747809065500384,0.0341679987858606,0.00902982949982109,0.0133746982653094
"ram_samp_73",0.698509410308707,0.00284428732352897,0.0216572860973862,0.0276196735040615,0.0322118228110661,0.129906095971372,0.000400078821413647,0.0114360505430858,0.0398777494767913,0.0214350853244666,0.0141024598181207
"ram_samp_74",0.753213567863876,0.00472133552021056,0.028901075401909,0.0124805057807556,0.044419415922999,0.0967487037266747,0.00255598568005847,0.00580401044028662,0.0183449949311675,0.0277281775718266,0.00508222716023591
"ram_samp_75",0.736240512953511,0.00330159691780015,0.0237117257772005,0.00781986971873609,0.0316576538064326,0.123581134928923,0.00127616428289783,0.007664067208359,0.04147321196019,0.0146751801753286,0.00859888227062161
"ram_samp_76",0.668214429292531,0.00514079464252555,0.0233945462233989,0.0175533457175193,0.0529656237844135,0.138028106151282,0.00185511935796835,0.00550586967414302,0.0317912719506005,0.0369023223932451,0.0186485708123718
"ram_samp_77",0.668941603200617,0.00299399472834023,0.0150980177195486,0.0153450385969203,0.111683180771844,0.0729009030245032,0.00151186946411063,0.00324101560571183,0.0682075063544427,0.0158390803516634,0.0242377901822978
"ram_samp_78",0.752491853640779,0.00347385618013442,0.0314094311310786,0.00806600548713896,0.0270086213785327,0.123061077716711,0.000795102417715112,0.00806600548713896,0.0233731698438207,0.0050045726158026,0.017250304101148
"ram_samp_79",0.880072123456596,0.026113901951092,0.00913074478272065,0.0110799989695918,0.000276201625807257,0.0387459652908384,0.00406268389685576,0.0019655552544289,0.0271983146251675,0.000450962346009495,0.000903547800892216
"ram_samp_80",0.897191052513359,0.0199472871965226,0.00232136378458545,0.00530753957735818,0.000632801985329556,0.0427553485441071,0.0037770205080819,0.0048874786371492,0.017722211919178,0.00169751090308696,0.00376038443124195
"ram_samp_81",0.900822117174777,0.02105078097524,0.00202401223989781,0.0082418427494129,0.000499796978810456,0.0367318799311432,0.00190649904516546,0.00226595117022913,0.0232869879455881,0.000354633620611662,0.00281549816912458
"ram_samp_82",0.826198244337433,0.0200470082476533,0.00779252121456606,0.0139181628373798,0.00265364612931852,0.033650289801245,0.0245675523531921,0.00274655596564781,0.0606229764238753,0.00169571367888895,0.00610732901080035
"ram_samp_83",0.893809151295262,0.0169538340424568,0.00459149348359417,0.00812938348362949,0.000957299887569363,0.0332392789853128,0.00745018970138775,0.00403901495923336,0.0263206259050145,0.00125634789616834,0.00325338036037165
"ram_samp_84",0.854088013031231,0.0338097280981987,0.0131266634472548,0.0189377038145995,0.00498119804885446,0.0234446454571549,0.00138977492415316,0.00946458937583815,0.0341688704106688,0.00540510372914707,0.0011837096628998
"ram_samp_85",0.855770969482504,0.00889655649408687,0.0209888758536032,0.0107858772647801,0.00439817370672202,0.0550832852464308,0.00593095598982411,0.00442816292530444,0.0228148860517336,0.00375507157489873,0.00714718541011165
"ram_samp_86",0.845617735699544,0.0196677277591419,0.025114168102445,0.00462517823954299,0.00661085961470557,0.0638268500961758,0.00280564571413891,0.00110768551782642,0.0251384825682633,0.00123331025788773,0.00425235643032879
"ram_samp_87",0.885466283406853,0.0140072551691222,0.000586881667263003,0.0044406563768741,0.00018562722184282,0.0447912652839483,0.000771631915514022,0.00114401913464498,0.0452964417440096,0.00113824568938713,0.00217169239054127
"ram_samp_88",0.851612373195182,0.00430099936123772,0.0215660729174477,0.00343074362578565,0.0108896021706373,0.0589870695418866,0.0190053204085312,0.00196364583421895,0.0103794522567516,0.00839220161181123,0.00947251907651035
"ram_samp_89",0.868588766468357,0.00516429503615992,0.0128661212905783,0.00237300936339521,0.00679721189224401,0.0711588950501004,0.00630203132938818,0.000510187245985191,0.0190028232659702,0.00471037952020874,0.00252627953761249
"ram_samp_90",0.851415848458633,0.00691334363943415,0.0289581459930685,0.00225038135532638,0.0106857966073989,0.0623578814833457,0.0133723542489275,0.00166046590117254,0.0135001066402729,0.00361808342737733,0.00526759224504318
"ram_samp_91",0.855260442682501,0.00173596058003101,0.0150887949383414,0.00167582960628124,0.00899301747445752,0.0639640020393339,0.0184786785834852,0.0022019756265918,0.0106428610667171,0.0126271832004598,0.00933125420180002
"ram_samp_92",0.835003734936657,0.00720283510157498,0.030299314812222,0.0033354769643128,0.0123476727138244,0.0582030749162152,0.0155719261495554,0.000952206599814891,0.0209699316759824,0.00367885413526611,0.0124349719945752
"ram_samp_93",0.846821168739215,0.0135438125399138,0.0237845642442649,0.017096422403896,0.00646838408963486,0.0266854899088793,0.0148658004872028,0.00149696462588624,0.0200159676170637,0.0178560999848733,0.0113653253591701
"ram_samp_94",0.836171845305708,0.0096417130336603,0.029178598523714,0.00307324774832276,0.00782592786577642,0.0600607023259815,0.0166194177791838,0.000786321353165976,0.0248970596335333,0.00300446800711504,0.00874069842383913
"ram_samp_95",0.83534150662101,0.00744263534099975,0.0270745778136329,0.00275866566391924,0.0126190698141686,0.0636761906657602,0.0118785212486223,0.00200330612706198,0.025238017371078,0.00352513342925968,0.0084423759044873
"ram_samp_96",0.867085528761541,0.00455063375290816,0.0181730686572609,0.00121226205275025,0.00677479188050697,0.066395890556217,0.0152615987090414,0.001276297315541,0.0129093700558611,0.00258688569399174,0.00377367256438036
"ram_samp_97",0.77609216689348,0.00700111861247743,0.0205028213013631,0.00309572621195148,0.0115751938648238,0.0555482050193796,0.0137946518410791,0.00198599722382389,0.0128271958001473,0.0045469102733491,0.093030012958125
"ram_samp_98",0.909387560962361,0.0314089684582775,0.000979294894956508,0.00319654471386989,0.000132530615327339,0.0290448809030123,0.000612200554076811,0.000602411371653352,0.0242481815155176,0.000142319797750798,0.000245106213197112
"ram_samp_99",0.90341030796292,0.0173925155221963,0.00169660452672718,0.00707426445009974,0.000565367698224904,0.0412213337165189,0.00345773458928187,0.00135809047577385,0.0231258294484691,0.000184003767404061,0.000513947842383891
"ram_samp_100",0.786043724934172,0.0125229900985754,0.0267048992458904,0.0072595126168574,0.00344141639031485,0.0747144540465087,0.0180354738559374,0.000908421517383693,0.0607987240214338,0.0030493030597029,0.00652108021322322
"ram_samp_101",0.937454679183921,0.0118697885118034,0.000578183660826123,0.0069650735857564,0.000161647361374149,0.0163440825950834,0.000890585885415105,0.000283137115380974,0.0237757844044723,0.000293550522867273,0.00138348717309994
"ram_samp_102",0.828502060998864,0.00231236537860659,0.0373412198370628,0.00165181233202333,0.00911723433778673,0.0731244336919131,0.0215035811106999,0.00136257608677386,0.0130101978549282,0.0071629353833984,0.00491158298794306
"ram_samp_103",0.851815254987971,0.00282050345951421,0.0193203897123592,0.00284726416474357,0.0139873634559369,0.0550038786567647,0.0173745041463958,0.00075992915685354,0.0116056606905238,0.011682119848322,0.0127831317206157
"ram_samp_104",0.821472857115348,0.00703009673172349,0.030834922465652,0.00238374875592546,0.0091773551249104,0.0707732031537958,0.0134863804139409,0.00626477321658423,0.0125360734899292,0.0076902336026019,0.0183503559295889
"ram_samp_105",0.785143050236646,0.00989550978050728,0.0490481526938599,0.00471389348927073,0.00704999852994343,0.0704830108694359,0.0142652599247298,0.000976921371397379,0.0432695760004071,0.00353191189288268,0.0116227152109194
"ram_samp_106",0.836010740140744,0.0117596449004579,0.0210407612141696,0.0142595121428508,0.000342626689988953,0.0517064379232173,0.00414191406987095,0.000154258660230097,0.0564156386671886,0.000786408997386935,0.00338205659389456
"ram_samp_107",0.90264711525164,0.0192054413227059,0.00351898689718605,0.00524468610539764,0.00010543276164469,0.0468393352226206,0.00729584612919299,0.000177336895320173,0.0124653748976514,0.000271947597524756,0.00222849691911553
"ram_samp_108",0.832097446753299,0.0104134405616282,0.0408056390116849,0.00454956272188605,0.0044703211294571,0.0613779755076621,0.0151953658893598,0.000873971934604822,0.0248597924121366,0.000864828673939943,0.00449165540434183
"ram_samp_109",0.837652355587595,0.00611859925820212,0.0372150889867663,0.00241967682202354,0.00879587110781595,0.05985559573546,0.0142461945495341,0.00141626999593317,0.0189211581710915,0.00433527167183243,0.00902391811374559
"ram_samp_110",0.873891724484894,0.0044457769440975,0.0179196047122684,0.00207084788727265,0.0121555533333883,0.0610116909722469,0.00833722696491891,0.00498307682442333,0.00878868603596193,0.00278936725386223,0.00360644458666542
"ram_samp_111",0.848998679618615,0.00249359117589732,0.026962805361186,0.00213794022109844,0.00585299296580474,0.0690196020039683,0.0195476972011926,0.00207366595215888,0.0139087013395624,0.00378764645721368,0.00521667770330314
"ram_samp_112",0.806219386753192,0.00756285921436624,0.0369506334750736,0.00352890487645678,0.0105502281075151,0.0768617668781534,0.027899394518738,0.00291935511192593,0.0125600171896239,0.00714595017730504,0.00780150369764953
"ram_samp_113",0.803615285729833,0.00707150233972601,0.0409414181613853,0.00403189450957709,0.0158212305936547,0.0682038055332209,0.0148659252756078,0.00343121010504767,0.0202178062051201,0.0109144350964143,0.0108854864504129
"ram_samp_114",0.791487868924214,0.0100600544514427,0.0312120558627668,0.00505702578019738,0.00651566502576126,0.0763155373324831,0.0135732615654611,0.00716702886938598,0.0490171558222746,0.00184871238021603,0.00774563398579731
"ram_samp_115",0.832887396474266,0.00467160540176265,0.0277192153115301,0.0022461639071516,0.0107174620054029,0.0649172058435159,0.0146809883502551,0.00416285425899058,0.0130837463903893,0.00982616155372466,0.015087200503011
"ram_samp_116",0.818000171587132,0.00804234119056031,0.037973830288985,0.00184905582115015,0.00412591886812768,0.0807439945111561,0.0167412653198022,0.0018545028619324,0.0255654713870357,0.0014241866401352,0.00367926152398375
"ram_samp_117",0.830737678099603,0.00758399302874516,0.0351080576517908,0.00357763908451432,0.00755508119615792,0.0606661176589047,0.0134407042585589,0.000698846611185556,0.0288383202421595,0.00476715448238903,0.00702640768599138
"ram_samp_118",0.837578924434139,0.00636884324491205,0.0299726901273539,0.00571056863066067,0.0040349605216572,0.0451429278285104,0.00651845111178736,0.00943366726061485,0.0479341831733555,0.00208150923131385,0.00522327443569539
"ram_samp_119",0.856391899138684,0.00576110363464937,0.0203645674649492,0.00131004787815389,0.00646793795702918,0.0644350206404977,0.00932528236400792,0.000843270495450236,0.0325841325192982,0.00117334878750496,0.00134338911977557
"ram_samp_120",0.863332953283198,0.0112000141636063,0.0191331981284151,0.00417445335447461,0.00221051792546688,0.0380786698694423,0.00413108569515898,0.00554982769277024,0.0511199445636418,0.000116479518512279,0.000952855805313674
"ram_samp_121",0.806379878622113,0.00137438064759151,0.0175030869044076,0.00629547280158351,0.017024839920428,0.0582441850468934,0.0164056602503483,0.00416530990675693,0.0182216125663284,0.0306768274969251,0.0237087458366247
"ram_samp_122",0.819987694726247,0.0256010892327011,0.0233931502322761,0.021066759568738,0.00277308471757656,0.0442311668071033,0.0139217552497658,0.00141325962504008,0.0418431812787465,0.000887334240818662,0.00488152432098678
"ram_samp_123",0.843392007850561,0.00507985678124398,0.0252499396227429,0.00200970415360842,0.00723594814189804,0.0699569494981642,0.0179465597320767,0.000855739763399198,0.0188666944958488,0.00344912289297464,0.00595747706748204
"ram_samp_124",0.856559880268054,0.00217116876506021,0.0144589402268365,0.00195856690175465,0.00371484316384405,0.0776787232892057,0.011556462614752,0.000344025215202284,0.0238658023815014,0.00391203909502601,0.00377954807876313
"ram_samp_125",0.860653440508072,0.00600314939471931,0.0245453099137082,0.00163586573396225,0.00923589614204026,0.0624736990770436,0.0116621648424609,0.000880646884958102,0.0101346407451538,0.00403479619550486,0.0087403905623769
"ram_samp_126",0.839960879930168,0.0100725291767552,0.0344010661458421,0.0031397915125884,0.00588438085670501,0.0585797653478068,0.00735717647012577,0.000526767037164458,0.034682468781657,0.000972625758845186,0.00442254898234197
"ram_samp_127",0.840280796695199,0.0156730826005894,0.0296796998868912,0.0131203101383936,0.00158318791903409,0.0308519893739223,0.016131108274484,0.000843300291973558,0.0462390896353888,0.00166005936080662,0.0039373758233176
"ram_samp_128",0.875442156028841,0.000717314780099841,0.00933352351547792,0.00259590720220398,0.0112149928019345,0.0587235307171376,0.00479095470306991,0.00144516146125198,0.0263962059894436,0.00470752563685089,0.00463272716368902
"ram_samp_129",0.833289172316099,0.00292830445044795,0.0285240653071491,0.00566583357598338,0.0127402857129603,0.0525286203012509,0.0114547660538105,0.00190480153711217,0.0136191335478779,0.0269082953746297,0.0104367218226793
"ram_samp_130",0.993406081748951,3.95137518627749e-05,7.61495717943439e-05,3.7071363867337e-05,6.63800198125921e-05,0.00530530227002694,0.000115227779721351,4.43985278536508e-05,0.000711170450608205,0.000122554943707665,7.61495717943439e-05
"ram_samp_131",0.847229044751236,0.00739219832614736,0.0327545355912441,0.00223709391156012,0.00767504967111127,0.0544564436862198,0.0186563371814746,0.000928213178001661,0.016551590408655,0.00385655651409856,0.00826293678025193
"ram_samp_132",0.859904960550489,0.00997477862295647,0.0218890312186186,0.00400679266608543,0.0111693411173565,0.0441465057354894,0.0017069582071699,0.00074406843895657,0.0125521377017831,0.0100085642288587,0.0238968615122363
"ram_samp_133",0.880499636306907,0.0240893197776701,0.0112690030769339,0.0172642565015218,0.00236696011315196,0.0216735419849615,0.00501842354417361,0.00366323112387366,0.018069515765758,0.00158134131877518,0.0145047704862734
"ram_samp_134",0.752331480167812,0.00143518882734405,0.0283976694268308,0.0161897927357286,0.0231708516334555,0.0354710568037341,0.0101320186297658,0.0108116588237032,0.0166873406512904,0.0659702310916726,0.0394027112086627
"ram_samp_135",0.792730407539806,0.017675069656804,0.0319975976671155,0.015209299748335,0.000505467113002428,0.0395764810234848,0.0187608799699589,0.000628937182056838,0.0739120546384686,0.00105745095112803,0.00794635450984026
"ram_samp_136",0.840317321481039,0.0112357885294103,0.0455930616671027,0.0057191409797709,0.00810364674814685,0.0463322018162074,0.0187489640680106,0.000743396757637246,0.0109242735240405,0.00548408874844643,0.00679811568018805
"ram_samp_137",0.806957338781326,0.00907752831688746,0.0424881136340321,0.00317241364017914,0.011082111704732,0.0741217327738231,0.0147860644936265,0.00860936109985539,0.0177787134997375,0.00467520454125997,0.00725141751454139
"ram_samp_138",0.887893806860014,0.000894608453930895,0.013603819336139,0.00143438188908259,0.00916500067055438,0.0444976701131923,0.00811203355273952,0.00158568201863269,0.00853935418890127,0.0121112640040907,0.0121623789127225
"ram_samp_139",0.827321590328741,0.0196417447332289,0.0112219030586089,0.0176839743506374,0.0166893698351018,0.0237659238019583,0.00394528496506416,0.00504849572080189,0.0504630524790208,0.00626031271674177,0.0179583480100954
"ram_samp_140",0.822769513751842,0.00799596203781287,0.0312157496534647,0.00566980069014537,0.0164286990948481,0.043673421490489,0.00974299607900713,0.0143567102872439,0.02298892452762,0.0147395777843012,0.0104186446032259
"ram_samp_141",0.821851792540902,0.00652082958207356,0.0316097450363104,0.00399403159421623,0.0131760573532411,0.0663681394047099,0.0166951706926289,0.00204173196777135,0.0146682608893773,0.0100921700452262,0.0129820708935434
"ram_samp_142",0.738275037461853,0.0234087909344406,0.0419315988973716,0.00960146119903292,0.0030944851374437,0.0629784993443704,0.031499323117213,0.00127739447717689,0.0828545279926761,0.00130298730337784,0.00377589413504376
"ram_samp_143",0.82137327504685,0.0260589601176114,0.0178689518007058,0.0169778884642919,0.000831103173568761,0.0474414900461227,0.00905101294471649,0.00022709379787875,0.055855759269844,0.000274936124666077,0.00403952921374392
"ram_samp_144",0.869087956556456,0.0217109218940103,0.0186449495243515,0.0230480410194493,0.00787487281866739,0.0233196433418041,0.0028136680040176,0.0028711223414388,0.0184830327552553,0.00193618357794829,0.0102096081666018
"ram_samp_145",0.861730096400732,0.0134854306897548,0.00352096296879733,0.00417131274668931,0.000254089665898027,0.0583343580085697,0.00190517146636025,0.00122709359716279,0.0544776325815359,0.000107887002650991,0.000785964871848451
"ram_samp_146",0.919077598322951,0.0122699733913076,0.00100803328962178,0.00367961431305629,0.000282705494853565,0.0225149058376955,0.0220477018133075,0.00696294867229174,0.0116711262440256,0.00025431188011175,0.000231080740777536
"ram_samp_147",0.903180421105551,0.0216214617252377,0.00528401141182154,0.00513092877229841,0.000342974831520687,0.0353918339297273,0.00251910343028045,0.00163357923857735,0.0241202414257616,0.000260545717931302,0.000514898411292833
"ram_samp_148",0.864187823909378,0.00143779627098913,0.0194161545584772,0.00125536616688571,0.00751708678237926,0.0664291632173552,0.0154360949633194,0.000844256073131518,0.00996062240213075,0.00891743053922948,0.00459820511672449
"ram_samp_149",0.845659231527703,0.000740086363032039,0.016728607510677,0.00107390836320137,0.00439272010907086,0.0792037830074836,0.0360592303111801,0.000448962525675066,0.00949709139072981,0.00334467429458576,0.00285170459666128
"ram_samp_150",0.827584849113305,0.00377730252108763,0.0262305763428676,0.00151326407739148,0.00816103693391132,0.0840798325394105,0.0243247210768046,0.00101073842518974,0.00986374353206296,0.00708648740101186,0.00636744803695723
"ram_samp_151",0.848299441372823,0.000532191191667831,0.0255971962873804,0.00249828811605099,0.00973461707385011,0.05787668481951,0.0192319574946898,0.00155893069662348,0.0128967562938996,0.012749299024571,0.00902463762893397
"ram_samp_152",0.804285575745281,0.00704724815379882,0.0213847096095861,0.00710250409044385,0.0018968132170444,0.0792173178265814,0.00303973864343881,0.0010563413386017,0.0680323529667522,0.00080041910571949,0.00613697930275188
"ram_samp_153",0.794804689535018,0.00409797221066412,0.0387663500416853,0.00680899037504047,0.0107989832317701,0.0703019201821284,0.010329572307449,0.00510482462804855,0.0381540749230055,0.0126630208153061,0.00816960174988433
"ram_samp_154",0.794403319383424,0.00555444549250082,0.0423320412669946,0.00311457190402005,0.00771139109628245,0.0809654012422033,0.00499467399589177,0.00271299669993095,0.0528338413012036,0.00184595932746584,0.00353135829008223
"ram_samp_155",0.88889713348643,0.0247086186875082,0.00202961010122213,0.00909529889064848,0.000233889301341174,0.0298765141263234,0.000857666000247191,0.0010315673829725,0.0421063178897233,0.000290596273968994,0.00087278785961461
"ram_samp_156",0.822755538177101,0.00763872398383494,0.0353123765130202,0.00329287782421759,0.00728481794737196,0.0708319459183675,0.0132202420673739,0.000701565828420904,0.0300817652622454,0.00237812069607176,0.00650202578197505
"ram_samp_157",0.81231109331379,0.0091386353519388,0.0290001273376288,0.00172053931504213,0.00633919230050751,0.0832382663356194,0.0102001978546222,0.00161352696598129,0.0369789680836042,0.0042203477891031,0.00523910535216219
"ram_samp_158",0.82784145755016,0.0306360174584358,0.0104531988029889,0.0232397089492488,0.00417754309822417,0.0267510877364387,0.00268610640295603,0.00163462969757218,0.0483783033398076,0.00155991951061069,0.022642027453557
"ram_samp_159",0.86088663578974,0.00704344487169321,0.0200612013250385,0.0017620283263498,0.00877316644767906,0.0748152174940597,0.0067487515661549,0.00153139878288502,0.0140699582959201,0.00249235521398826,0.00181584188649158
"ram_samp_160",0.840563153370177,0.00821703689200489,0.0218959592918627,0.00300876524681614,0.0118254639008767,0.0632812819843014,0.0107371683332252,0.00226902517203007,0.0165422472251906,0.00667235931211261,0.0149875392714029
"ram_samp_161",0.823231683990833,0.00787472036576628,0.0365774715996115,0.00263736117685739,0.00866490732848639,0.0659566228735452,0.0151665656577475,0.00116129193049622,0.0261722896745132,0.00634807915379102,0.00620900624835229
"ram_samp_162",0.807860665911452,0.0133151781069027,0.0281519475734913,0.0131085220925808,0.0113420378057746,0.0449731809584312,0.0110957491311718,0.00265116158703254,0.0185155493166191,0.0070079233136267,0.0419780842029168
"ram_samp_163",0.783776247866128,0.00941491550633226,0.0468467721305715,0.00480524688287098,0.00951597063635755,0.0645003259988355,0.0201319416033732,0.0038542921977612,0.0338054780429489,0.00857019826560804,0.014778610869213
"ram_samp_164",0.83648895088863,0.0100139150017899,0.0308222795322568,0.0076326635698908,0.00629788137712223,0.0535100173901417,0.00902083705037013,0.00390239226850024,0.0332925164436739,0.00225082176864793,0.00676772470897677
"ram_samp_165",0.884827385542209,0.0269722267775291,0.00330581393297048,0.013373346408195,0.000667939602430917,0.0185267742837855,0.00213578902829567,0.00156673146102202,0.0440173623206325,0.000497754161750946,0.00410887648117909
"ram_samp_166",0.824585851030557,0.00474102888890142,0.0126664566879868,0.00639172345031374,0.0111553557469899,0.0527507647902744,0.00846817855399309,0.00943835421588024,0.0158875794790726,0.0146068080117611,0.0393078991442694
"ram_samp_167",0.844777382502722,0.00702092712323641,0.0299705503699643,0.00105524256573154,0.010191075039587,0.0639431103893504,0.0132863007008985,0.00134088366306891,0.0217899766478599,0.0025958314349773,0.00402871956260406
"ram_samp_168",0.815179924825995,0.00698671745076841,0.0249445742817326,0.00504165990988312,0.0115191538599942,0.0507459887310575,0.0201723982221187,0.00572469174400796,0.020122640936189,0.00560708361362885,0.0339551664246244
"ram_samp_169",0.830988197936441,0.00697439445674592,0.033933041911783,0.00388709100579879,0.0100937830474835,0.0535192372460827,0.0171026035839293,0.00252525507247108,0.0274625387207102,0.0060760105426135,0.00743784647594122
"ram_samp_170",0.943518612963247,0.0142132975559128,0.00325935678421312,0.00488959116197312,0.000760006917994332,0.0187388693301361,0.000991428201903481,0.00117142253383281,0.0121253633055324,0.000214881227008341,0.000117170018246701
"ram_samp_171",0.952644254374272,0.00657889598106331,0.00294908996427392,0.00362510365897847,0.00272949315898773,0.0143121481829064,0.00057227748352926,0.00797398156758733,0.0077888313199931,0.000636864779201668,0.000189059529206299
"ram_samp_172",0.89489310509733,0.0128676519720705,0.00579712955104945,0.0193066821995775,0.00166505346400979,0.0285308485175538,0.00490281979722903,0.000548078832707552,0.0273919724228928,0.000803595905227673,0.00329306224035227
"ram_samp_173",0.826496660881325,0.00544412160656418,0.0381073737003839,0.00250034736610602,0.0113605660309451,0.0656704917726982,0.0214524742859636,0.00092551844728424,0.0161645166319382,0.0054080016772334,0.00646992759955818
"ram_samp_174",0.799954398593968,0.00831554262838784,0.0401381872178718,0.00431937109463923,0.00569170645936067,0.0672569149911722,0.0188281493845558,0.00419853653422351,0.0463439049992222,0.00155743828513696,0.00339584981146191
"ram_samp_175",0.815216047546321,0.0165974869709881,0.0186268082976137,0.0063903035818417,0.00423982874317881,0.0570324716134524,0.0228066044629021,0.00248310281863729,0.0529738289602014,0.000574935004049081,0.00305858200081468
"ram_samp_176",0.826745287923621,0.00605606760932485,0.0162131943053608,0.0012099737103359,0.0146753194887074,0.0549461809666526,0.00728994391570951,0.0588445148042157,0.00916758177325134,0.00206832244521217,0.00278361305760906
"ram_samp_177",0.887023722461944,0.0114372607431881,0.00957340967955489,0.00597037986423713,0.00499170221543974,0.044924243732612,0.0062820606441089,0.00432470534651413,0.0231439908351721,0.000902450383522004,0.0014260740937066
"ram_samp_178",0.840780969707854,0.00421476971677768,0.0288160617609896,0.00187495999596728,0.0126371335695322,0.0638466276217405,0.0101736753675408,0.00374871005694147,0.0224006078720196,0.00495666060386392,0.00654982372677344
"ram_samp_179",0.846676705613989,0.00906181457834944,0.0219438049556401,0.00153132590030139,0.0118956266595939,0.0753854363762403,0.010523880970864,0.00101198185353946,0.0141479992102245,0.00282404097321969,0.00499738290803865
"ram_samp_180",0.803481341514336,0.0087255572516633,0.0558311275052642,0.00309732548571154,0.011923120795368,0.0564680405688476,0.013105959342023,0.00158953129437112,0.0389724286589837,0.00238242306740359,0.00442314451602813
"ram_samp_181",0.817028671788171,0.00872087625915443,0.0333482521922251,0.00431776963154327,0.00719479953026647,0.0701892454866581,0.00818049499122034,0.00174595507859765,0.0431551714991773,0.00192608216790902,0.00419268137507704
"ram_samp_182",0.877589629762211,0.00853167576886615,0.0165801709875055,0.00448853497828211,0.0183309391180075,0.0355489249769745,0.00496716223698054,0.00268738503107489,0.0168950573419122,0.00191906232632216,0.0124614574718637
"ram_samp_183",0.813399690287869,0.00833401699526752,0.0354457861216384,0.00278490012732234,0.010119047596145,0.0829560571145583,0.0155646844292567,0.00106454454821579,0.0225625217848706,0.00199586486171707,0.00577288613313897
"ram_samp_184",0.819870941759189,0.00575396089902689,0.0322288823048597,0.00495921025011209,0.0186376401949369,0.0512190634221784,0.00820863378934603,0.00870828715090006,0.0247944426903276,0.0140233917016594,0.0115955458374639
"ram_samp_185",0.834004464160349,0.0163804941977125,0.0175282604430477,0.0113893506965694,0.00113159979540276,0.0487671783089409,0.00925122614811654,0.00137427037298791,0.0546896521348702,0.000856135896522328,0.00462736784548066
"ram_samp_186",0.824656345389435,0.00745314576984349,0.0338002123631101,0.00251653750289461,0.00455959073696895,0.072442576699901,0.0151446402981234,0.00284009796982946,0.0307772331434615,0.0024610699942772,0.00334855013215565
"ram_samp_187",0.842264170395869,0.00643649546389654,0.0292256106983141,0.00143435633382626,0.00961837193058881,0.0666628239010179,0.0214429128541073,0.00126236301130235,0.0128002483972811,0.00277447097182503,0.00607817604197173
"ram_samp_188",0.830498596026025,0.00788219354853153,0.0358146071957808,0.00144880692859211,0.0076872424388364,0.0695592841599874,0.0167547359130287,0.00118584961784053,0.0235689572588841,0.00166189302523563,0.00393783388725789
"ram_samp_189",0.827033298574716,0.00535901220512988,0.0238650417618182,0.00528580797428855,0.0101660900303773,0.0765720879675762,0.00795532225896907,0.00547125869241992,0.0270811476367807,0.00560302630793432,0.00560790658999041
"ram_samp_190",0.854892967287214,0.024957109420653,0.00591013365705076,0.0043386010032882,0.000486917335521041,0.0423296885749736,0.00611014690389326,0.00138983427841008,0.0581135910829453,0.000184040133159529,0.00128697032289107
"ram_samp_191",0.891485068787274,0.0160179234956671,0.00477296585281341,0.00726507728520278,0.000175404272974983,0.0330124814782841,0.00541387017442683,0.00125328881387028,0.038182089890637,0.000453482594336177,0.00196834735451336
"ram_samp_192",0.865853626495662,0.015904909672562,0.0124528946925574,0.00825713205712829,0.000701681736850719,0.0380634605100359,0.0050461939033647,0.00215327198847227,0.0491581238112989,0.000245174555245353,0.00216353057682295
"ram_samp_193",0.919475386665468,0.0191372983019153,0.00405384113606846,0.00904482635211789,0.00184074129549551,0.0231798121577191,0.00247919450886469,0.00200342408544055,0.0125870138916757,0.00413364778773962,0.00206481381749527
"ram_samp_194",0.874994933239126,0.0183661508238856,0.0148465819741263,0.00743360405999623,0.00085948711523876,0.0402859526757536,0.00252809099996916,0.000900518358305901,0.0391097237078289,0.000421820522522591,0.000253136523246568
"ram_samp_195",0.82311461443768,0.00955481364294684,0.0162031842609256,0.00590347434992792,0.000616365136761508,0.0542357750020105,0.013371610123291,0.000789343105328831,0.0747975909177956,0.000259128027763776,0.00115410099556862
"ram_samp_196",0.863953750545004,0.0150549807647681,0.0255739955283931,0.00897922661955339,0.00430660740646817,0.0297294335966229,0.010611720146358,0.00354207875755143,0.0269276609597104,0.00236830242009692,0.00895224325547399
"ram_samp_197",0.872837534218813,0.00668533292287357,0.012453264267758,0.000851103516553594,0.00843854832527781,0.0673259597825024,0.00812547414627704,0.000884252547271321,0.0195066413593634,0.00120100995190738,0.00169087896140268
"ram_samp_198",0.872166154521885,0.0118911545646229,0.0216400792338743,0.00104662396013268,0.0101001340836635,0.0560302966741271,0.00748904927992059,0.0018404462245872,0.0105724911335869,0.00331000149101539,0.00391356883258412
"ram_samp_199",0.835897605354142,0.00762954571455491,0.0379882794574919,0.0038026634133789,0.0074766502994668,0.0551125659473607,0.0113035326006429,0.000794221275321593,0.0285312483418947,0.00473802359980029,0.00672566399594577
"ram_samp_200",0.841617520593158,0.00764763918670584,0.0298513763200496,0.00124523104542426,0.0116359553986446,0.0637921583056701,0.00810766719422046,0.00160818892291286,0.0278340057916826,0.00296295030284126,0.00369730693869031
"ram_samp_201",0.828311155071831,0.00260766324910377,0.0288863520135944,0.00339500798334914,0.0088556246885993,0.0642491364753462,0.0122886170513574,0.00284048024041289,0.0208308841142991,0.0178846909151873,0.00985038819692006
"ram_samp_202",0.803698108437469,0.00756520428584361,0.036100967818069,0.00323219343151998,0.00573107427135948,0.076141287605167,0.0140137725113711,0.00452287751578658,0.0358438014403768,0.00520218492855849,0.00794852775447918
"ram_samp_203",0.853839065989517,0.00865772072833475,0.0230740175809943,0.00565455265052174,0.00599247718922302,0.0359751044052836,0.00577446135780283,0.0122658827383387,0.0399375421413455,0.00259688061485366,0.00623229460378522
"ram_samp_204",0.853519263710829,0.0106660406924477,0.0264889204664363,0.00841481796037611,0.00198275301160024,0.0372889422486081,0.0147065469466332,0.00113488990471615,0.036955644337626,0.00106472192345678,0.00777745879727013
"ram_samp_205",0.888316088677894,0.0134277737044714,0.0143555394950134,0.0125000079139296,0.00144185830754407,0.0278286088797212,0.00907546065766459,0.00136681842742671,0.0269622393547298,0.000275329262083292,0.00445027531952186
"ram_samp_206",0.845667068522108,0.0074229588872943,0.0350170869418419,0.0039308047151722,0.0091008849161605,0.0529995658954612,0.0110091145176162,0.00138806527086795,0.0217440810440319,0.00371460136131268,0.00800576792813298
"ram_samp_207",0.84308769323789,0.00632045115892224,0.0385751608970251,0.00342731942068395,0.00678038492243704,0.063055506374426,0.00790796447169916,0.00180271467536552,0.0210457498779043,0.00357568515085001,0.00442136981279659
"ram_samp_208",0.86077278372165,0.00396454926876169,0.0140727288592,0.00224138927769762,0.00923018772359808,0.059067205590154,0.00738009853676366,0.0114418328014147,0.00999560923748592,0.010010994594549,0.0118226203887257
"ram_samp_209",0.921746365836126,0.0230693432141747,0.00128139243607001,0.00533976702007674,0.000366888505925196,0.0188929681230525,0.00838670868595096,0.00385211776965684,0.013844232140041,0.00100324838358357,0.0022169678853426
"ram_samp_210",0.901423641833569,0.0167587682711352,0.00511405543722299,0.00465072707446521,0.000862095152445876,0.0340823287370786,0.00159604008106217,0.00112041096531083,0.0331105692505867,0.000144551227821003,0.00113681196930226
"ram_samp_211",0.860200682067313,0.00485142591054226,0.0158114444129304,0.000933241996888168,0.00737577151424061,0.0816941405554965,0.00825656836157421,0.000946862566692295,0.0144857089519953,0.00254500942370996,0.00289914423861727
"ram_samp_212",0.860982915664589,0.0238674589630151,0.00682911151207432,0.00961844927689186,0.00175240269676221,0.0270674967668242,0.0170852041524464,0.00287041946957252,0.0402897563554685,0.000885369281113401,0.00875141586124305
"ram_samp_213",0.820335883425061,0.0145891683732032,0.02846968764654,0.0063805909461076,0.00990472456330426,0.0463187146534275,0.0108551914232838,0.00257872350618965,0.02838328156836,0.00331317517071925,0.028870858723804
"ram_samp_214",0.810646665490811,0.00590058605078498,0.0331725869678382,0.00142815039101974,0.00622708617470721,0.0792460667190561,0.0205438085897132,0.00210579215765084,0.0327783226672529,0.00209347139825754,0.00585746339290844
"ram_samp_215",0.79501575630446,0.0162467508096806,0.0257148851657059,0.00792662049682312,0.0103559825881732,0.0393923676800131,0.0153132727745796,0.00324763432088165,0.0238769190965938,0.00804837850140152,0.0548614322616881
"ram_samp_216",0.913958332366505,0.0146196640439426,0.00918953356471866,0.00840567305316595,0.0033358655510267,0.0178499279262283,0.000895783636031993,0.00936021286965351,0.0199296868641384,0.00112335604261181,0.00133196408197664
"ram_samp_217",0.926492818311998,0.0146051788864734,0.00127789409980331,0.00500592077457117,0.000633290368593443,0.0283184047606196,0.00436952855586081,0.00296535991844824,0.015336003498928,0.000633290368593443,0.000362310456110316
"ram_samp_218",0.921294461461763,0.0142094644157928,0.00215208844044049,0.00403275787099836,0.000152778648609108,0.0392293983821398,0.00738544659883868,0.000702039580430917,0.0103822142428585,0.000249448572609746,0.000209901785518576
"ram_samp_219",0.882616456785212,0.00216102845641278,0.0142477468148836,0.00180345418745978,0.00797780592066806,0.0593481291138173,0.0060660227005233,0.00196630979510175,0.00870003513716721,0.00597397387881262,0.00913903720994118
"ram_samp_220",0.821515940923407,0.00493177053165778,0.0199147178394249,0.00283340016371529,0.00749935982909852,0.0764512272390308,0.0221500651619414,0.006683326908232,0.011139449536821,0.0153449334825724,0.011535808384099
"ram_samp_221",0.839885372321835,0.00263278220649173,0.0248772520226526,0.00178787346125207,0.00500212204952553,0.078307842929064,0.0225079121796189,0.000676908345170981,0.017075328715546,0.00407811546430598,0.00316849030453731
"ram_samp_222",0.807378933902066,0.0123896962796987,0.0317740095477352,0.0011722607786877,0.00588081395195157,0.0898538590656584,0.00665787909982682,0.000718331632899187,0.0414026930384864,0.000899133919781053,0.00187238878320896
"ram_samp_223",0.926844407387273,0.0164583117190633,0.00146323574001633,0.002609085885585,6.74676614635312e-05,0.0321465563046888,0.00540533747538842,0.000208930642397937,0.0146475855631028,8.16139595569717e-05,6.74676614635312e-05
"ram_samp_224",0.899669445938352,0.0192160876533613,0.00562847360317482,0.00744666562700197,0.000983016232833872,0.0391185476584257,0.00158753020495031,0.00274075685944937,0.0201600594713585,0.00162008095729504,0.00182933579379689
"ram_samp_225",0.917065274544756,0.0161317858609049,0.00250443474557424,0.00736691198836608,0.00339002634553803,0.012854269285338,0.00278169940537598,0.00173471494373655,0.0206714773803455,0.00196232026148425,0.0135370852385811
"ram_samp_226",0.825414669943896,0.00484841650055881,0.0261505314266471,0.00368854038904537,0.00991698080900168,0.0525212106611782,0.011708659355242,0.00247208495501908,0.0427989970760534,0.00374511971155822,0.0167347891718002
"ram_samp_227",0.912794822511846,0.00582480179508896,0.00722069158079599,0.00426575606040319,0.00280339533251965,0.0422569209207497,0.00167338931551873,0.00154649024409082,0.0194996874446776,0.00125039241075902,0.000863652383550153
"ram_samp_228",0.857653821014461,0.00567343565868667,0.0284952317597829,0.00310812135922956,0.0119822086025368,0.0535593025818861,0.00671222959723227,0.00224668248336248,0.0238649978019973,0.0038492121568505,0.00285475698397453
"ram_samp_229",0.854213376556373,0.0182584077137517,0.00498283877566162,0.0161113581336923,0.00267104034168677,0.0317997006097699,0.00351604252789827,0.00273481409158952,0.0562463047391591,0.00151248388512006,0.00795363262529825
"ram_samp_230",0.831798832775796,0.0087785211021453,0.0274739063940824,0.00301510883003755,0.0111235065909565,0.0724110153486299,0.00910101419490913,0.00463678838222135,0.0168592765979703,0.00573787194180069,0.0090641578414504
"ram_samp_231",0.821071213220194,0.00673588365424601,0.0285216503885289,0.0029877947537242,0.0104380400927516,0.0710780764465369,0.0179893368482147,0.00218397666844073,0.0195831932801767,0.00747998953890842,0.011930845108278
"ram_samp_232",0.793969579179582,0.00640764525166179,0.0447266784077219,0.00277788089218008,0.00969984946830329,0.0844396363889222,0.014783108089897,0.00393352796943301,0.0180792836023366,0.0143780359184887,0.00680477483147379
"ram_samp_233",0.850593925429147,0.0070404339061815,0.0273478304328783,0.0022824407150774,0.0112766628308983,0.0629934399968679,0.0111441512711808,0.00143767952187875,0.0181175721013107,0.00239010635734782,0.00537575743723125
"ram_samp_234",0.842916677344038,0.00539875559932045,0.0280326316808517,0.0029902727786438,0.0133228106401673,0.067423294932608,0.0156189301649504,0.00172984972035865,0.0113051566747729,0.00402596924514167,0.00723565121914686
