"","other","Mortierella","Solicoccozyma","Saitozyma","Umbelopsis","Russula","Trichoderma","Penicillium","Cortinarius","Inocybe","Sebacina","Lactarius","Cladophialophora","Tomentella","Mycena","Cenococcum"
"SRR1502337",0.638779527559055,0.144685039370079,0.0610236220472441,0.00196850393700787,0.0078740157480315,0.0265748031496063,0.000984251968503937,0.000984251968503937,0.000984251968503937,0.0531496062992126,0.000984251968503937,0.00393700787401575,0.000984251968503937,0.0226377952755906,0.030511811023622,0.00393700787401575
"SRR1502338",0.56003937007874,0.175196850393701,0.0423228346456693,0.00492125984251968,0.0482283464566929,0.00492125984251968,0.00295275590551181,0.000984251968503937,0.0127952755905512,0.00885826771653543,0.000984251968503937,0.0364173228346457,0.00590551181102362,0.0413385826771654,0.0452755905511811,0.00885826771653543
"SRR1502339",0.465551181102362,0.148622047244095,0.0078740157480315,0.0127952755905512,0.0639763779527559,0.0856299212598425,0.000984251968503937,0.000984251968503937,0.121062992125984,0.0167322834645669,0.000984251968503937,0.000984251968503937,0.00393700787401575,0.00885826771653543,0.0433070866141732,0.0177165354330709
"SRR1502340",0.301181102362205,0.302165354330709,0.0610236220472441,0.0147637795275591,0.0216535433070866,0.00492125984251968,0.000984251968503937,0.000984251968503937,0.047244094488189,0.145669291338583,0.000984251968503937,0.00295275590551181,0.0147637795275591,0.0580708661417323,0.0127952755905512,0.00984251968503937
"SRR1502341",0.460629921259843,0.0482283464566929,0.000984251968503937,0.00492125984251968,0.000984251968503937,0.0501968503937008,0.000984251968503937,0.00492125984251968,0.0492125984251969,0.214566929133858,0.0501968503937008,0.000984251968503937,0.000984251968503937,0.0551181102362205,0.0531496062992126,0.00393700787401575
"SRR1502342",0.43503937007874,0.0639763779527559,0.0610236220472441,0.0187007874015748,0.0452755905511811,0.0669291338582677,0.0118110236220472,0.000984251968503937,0.0492125984251969,0.111220472440945,0.0206692913385827,0.000984251968503937,0.0226377952755906,0.0452755905511811,0.0226377952755906,0.0236220472440945
"SRR1502343",0.43503937007874,0.0718503937007874,0.0688976377952756,0.0127952755905512,0.0767716535433071,0.0659448818897638,0.00196850393700787,0.00590551181102362,0.102362204724409,0.0413385826771654,0.00196850393700787,0.0541338582677165,0.000984251968503937,0.0236220472440945,0.0285433070866142,0.0078740157480315
"SRR1502391",0.276574803149606,0.0433070866141732,0.00492125984251968,0.0196850393700787,0.00984251968503937,0.0383858267716535,0.00196850393700787,0.00885826771653543,0.153543307086614,0.261811023622047,0.106299212598425,0.00295275590551181,0.000984251968503937,0.0216535433070866,0.000984251968503937,0.0482283464566929
"SRR1502399",0.416338582677165,0.0925196850393701,0.0147637795275591,0.00393700787401575,0.00984251968503937,0.00590551181102362,0.00984251968503937,0.00984251968503937,0.301181102362205,0.000984251968503937,0.000984251968503937,0.0679133858267717,0.0187007874015748,0.0275590551181102,0.00885826771653543,0.0108267716535433
"SRR1502402",0.374015748031496,0.0531496062992126,0.0364173228346457,0.0147637795275591,0.0226377952755906,0.112204724409449,0.00688976377952756,0.0206692913385827,0.0236220472440945,0.0905511811023622,0.0442913385826772,0.0187007874015748,0.0177165354330709,0.108267716535433,0.0255905511811024,0.030511811023622
"SRR1502406",0.37007874015748,0.0925196850393701,0.0413385826771654,0.000984251968503937,0.0482283464566929,0.164370078740157,0.000984251968503937,0.000984251968503937,0.0895669291338583,0.0984251968503937,0.000984251968503937,0.00590551181102362,0.000984251968503937,0.0501968503937008,0.015748031496063,0.0187007874015748
"SRR1502407",0.40255905511811,0.0541338582677165,0.0206692913385827,0.00492125984251968,0.0236220472440945,0.146653543307087,0.000984251968503937,0.000984251968503937,0.142716535433071,0.046259842519685,0.047244094488189,0.0127952755905512,0.00885826771653543,0.0246062992125984,0.0354330708661417,0.0275590551181102
"SRR1502408",0.369094488188976,0.0600393700787402,0.00984251968503937,0.00885826771653543,0.000984251968503937,0.0423228346456693,0.000984251968503937,0.272637795275591,0.000984251968503937,0.163385826771654,0.0177165354330709,0.000984251968503937,0.000984251968503937,0.0492125984251969,0.000984251968503937,0.000984251968503937
"SRR1502409",0.454724409448819,0.0413385826771654,0.00295275590551181,0.00295275590551181,0.000984251968503937,0.0265748031496063,0.00590551181102362,0.00688976377952756,0.0118110236220472,0.216535433070866,0.0600393700787402,0.00885826771653543,0.0118110236220472,0.0807086614173228,0.0108267716535433,0.0570866141732283
"SRR1502410",0.421259842519685,0.0521653543307087,0.000984251968503937,0.00885826771653543,0.00885826771653543,0.234251968503937,0.000984251968503937,0.0108267716535433,0.0295275590551181,0.0265748031496063,0.030511811023622,0.000984251968503937,0.000984251968503937,0.15748031496063,0.000984251968503937,0.0147637795275591
"SRR1502412",0.293307086614173,0.0187007874015748,0.0167322834645669,0.0078740157480315,0.0078740157480315,0.0147637795275591,0.00590551181102362,0.00885826771653543,0.0187007874015748,0.390748031496063,0.0816929133858268,0.000984251968503937,0.000984251968503937,0.0826771653543307,0.000984251968503937,0.0492125984251969
"SRR1502413",0.557086614173228,0.0364173228346457,0.000984251968503937,0.00393700787401575,0.000984251968503937,0.0177165354330709,0.000984251968503937,0.000984251968503937,0.00984251968503937,0.211614173228346,0.0974409448818898,0.000984251968503937,0.000984251968503937,0.047244094488189,0.00590551181102362,0.00688976377952756
"SRR1502414",0.442913385826772,0.0669291338582677,0.0108267716535433,0.00492125984251968,0.000984251968503937,0.0364173228346457,0.000984251968503937,0.000984251968503937,0.00885826771653543,0.363188976377953,0.0118110236220472,0.000984251968503937,0.000984251968503937,0.0423228346456693,0.000984251968503937,0.00590551181102362
"SRR1502421",0.34744094488189,0.093503937007874,0.0078740157480315,0.000984251968503937,0.000984251968503937,0.0639763779527559,0.000984251968503937,0.00393700787401575,0.0226377952755906,0.31988188976378,0.0905511811023622,0.000984251968503937,0.00492125984251968,0.0383858267716535,0.000984251968503937,0.00196850393700787
"SRR1502422",0.34744094488189,0.031496062992126,0.00196850393700787,0.00492125984251968,0.00196850393700787,0.000984251968503937,0.000984251968503937,0.000984251968503937,0.00984251968503937,0.441929133858268,0.0590551181102362,0.000984251968503937,0.000984251968503937,0.0866141732283465,0.000984251968503937,0.00885826771653543
"SRR1502423",0.289370078740157,0.0639763779527559,0.015748031496063,0.0078740157480315,0.000984251968503937,0.100393700787402,0.00492125984251968,0.00492125984251968,0.0610236220472441,0.15748031496063,0.141732283464567,0.00885826771653543,0.00492125984251968,0.102362204724409,0.00492125984251968,0.030511811023622
"SRR1502424",0.392716535433071,0.193897637795276,0.0757874015748032,0.0354330708661417,0.00984251968503937,0.047244094488189,0.00393700787401575,0.000984251968503937,0.0393700787401575,0.0580708661417323,0.000984251968503937,0.109251968503937,0.000984251968503937,0.015748031496063,0.00393700787401575,0.0118110236220472
"SRR1502428",0.375984251968504,0.0570866141732283,0.0236220472440945,0.000984251968503937,0.000984251968503937,0.192913385826772,0.00393700787401575,0.000984251968503937,0.0511811023622047,0.0748031496062992,0.15255905511811,0.000984251968503937,0.000984251968503937,0.0226377952755906,0.000984251968503937,0.0393700787401575
"SRR1502429",0.47244094488189,0.000984251968503937,0.00393700787401575,0.00492125984251968,0.000984251968503937,0.233267716535433,0.00393700787401575,0.0236220472440945,0.000984251968503937,0.140748031496063,0.046259842519685,0.000984251968503937,0.000984251968503937,0.0639763779527559,0.000984251968503937,0.000984251968503937
"SRR1502430",0.423228346456693,0.000984251968503937,0.000984251968503937,0.00393700787401575,0.000984251968503937,0.307086614173228,0.00885826771653543,0.00393700787401575,0.000984251968503937,0.136811023622047,0.046259842519685,0.000984251968503937,0.000984251968503937,0.0531496062992126,0.000984251968503937,0.00984251968503937
"SRR1502436",0.160433070866142,0.0118110236220472,0.00295275590551181,0.0127952755905512,0.000984251968503937,0.0482283464566929,0.000984251968503937,0.0226377952755906,0.000984251968503937,0.663385826771654,0.00984251968503937,0.000984251968503937,0.000984251968503937,0.047244094488189,0.000984251968503937,0.0147637795275591
"SRR1502437",0.594488188976378,0.031496062992126,0.000984251968503937,0.000984251968503937,0.00590551181102362,0.000984251968503937,0.000984251968503937,0.0078740157480315,0.260826771653543,0.0108267716535433,0.000984251968503937,0.0226377952755906,0.0226377952755906,0.0118110236220472,0.0196850393700787,0.00688976377952756
"SRR1502438",0.465551181102362,0.113188976377953,0.000984251968503937,0.000984251968503937,0.0374015748031496,0.0354330708661417,0.00492125984251968,0.000984251968503937,0.173228346456693,0.00295275590551181,0.0816929133858268,0.0492125984251969,0.00393700787401575,0.000984251968503937,0.00590551181102362,0.0226377952755906
"SRR1502439",0.262795275590551,0.0492125984251969,0.00984251968503937,0.0118110236220472,0.0078740157480315,0.211614173228346,0.000984251968503937,0.000984251968503937,0.0639763779527559,0.226377952755905,0.0826771653543307,0.0177165354330709,0.00295275590551181,0.0334645669291339,0.000984251968503937,0.0167322834645669
"SRR1502440",0.941929133858268,0.0196850393700787,0.0196850393700787,0.000984251968503937,0.000984251968503937,0.000984251968503937,0.000984251968503937,0.00688976377952756,0.000984251968503937,0.000984251968503937,0.000984251968503937,0.000984251968503937,0.000984251968503937,0.000984251968503937,0.000984251968503937,0.000984251968503937
"SRR1502441",0.93503937007874,0.0492125984251969,0.000984251968503937,0.000984251968503937,0.000984251968503937,0.000984251968503937,0.00295275590551181,0.000984251968503937,0.000984251968503937,0.000984251968503937,0.000984251968503937,0.000984251968503937,0.000984251968503937,0.000984251968503937,0.000984251968503937,0.000984251968503937
"SRR1502442",0.240157480314961,0.0570866141732283,0.0177165354330709,0.000984251968503937,0.000984251968503937,0.188976377952756,0.000984251968503937,0.00295275590551181,0.000984251968503937,0.404527559055118,0.0354330708661417,0.000984251968503937,0.000984251968503937,0.0433070866141732,0.000984251968503937,0.00295275590551181
"SRR1502443",0.246062992125984,0.0866141732283465,0.0187007874015748,0.0147637795275591,0.0206692913385827,0.338582677165354,0.000984251968503937,0.00393700787401575,0.0275590551181102,0.192913385826772,0.0127952755905512,0.0187007874015748,0.000984251968503937,0.00885826771653543,0.000984251968503937,0.00688976377952756
"SRR1502444",0.192913385826772,0.262795275590551,0.0275590551181102,0.000984251968503937,0.000984251968503937,0.299212598425197,0.000984251968503937,0.000984251968503937,0.000984251968503937,0.169291338582677,0.0255905511811024,0.000984251968503937,0.000984251968503937,0.00885826771653543,0.000984251968503937,0.00590551181102362
"SRR1502462",0.393700787401575,0.102362204724409,0.00885826771653543,0.00295275590551181,0.0177165354330709,0.0698818897637795,0.00295275590551181,0.0255905511811024,0.0196850393700787,0.0580708661417323,0.078740157480315,0.0196850393700787,0.000984251968503937,0.0767716535433071,0.0984251968503937,0.0236220472440945
"SRR1502463",0.499015748031496,0.0767716535433071,0.047244094488189,0.000984251968503937,0.0275590551181102,0.0541338582677165,0.00885826771653543,0.00492125984251968,0.077755905511811,0.00885826771653543,0.0265748031496063,0.0718503937007874,0.0078740157480315,0.0246062992125984,0.00590551181102362,0.0570866141732283
"SRR1502464",0.506889763779528,0.0531496062992126,0.0127952755905512,0.00885826771653543,0.0836614173228346,0.126968503937008,0.00295275590551181,0.00984251968503937,0.000984251968503937,0.00295275590551181,0.0433070866141732,0.0118110236220472,0.0206692913385827,0.100393700787402,0.000984251968503937,0.0137795275590551
"SRR1502465",0.256889763779528,0.0196850393700787,0.000984251968503937,0.000984251968503937,0.000984251968503937,0.00492125984251968,0.000984251968503937,0.000984251968503937,0.220472440944882,0.264763779527559,0.142716535433071,0.00492125984251968,0.000984251968503937,0.0561023622047244,0.000984251968503937,0.0226377952755906
"SRR1502466",0.369094488188976,0.0393700787401575,0.000984251968503937,0.000984251968503937,0.000984251968503937,0.167322834645669,0.00295275590551181,0.00492125984251968,0.000984251968503937,0.224409448818898,0.114173228346457,0.000984251968503937,0.00295275590551181,0.0679133858267717,0.000984251968503937,0.000984251968503937
"SRR1502467",0.317913385826772,0.0590551181102362,0.0108267716535433,0.0078740157480315,0.00984251968503937,0.244094488188976,0.000984251968503937,0.000984251968503937,0.0374015748031496,0.118110236220472,0.0639763779527559,0.000984251968503937,0.00492125984251968,0.0797244094488189,0.00688976377952756,0.0364173228346457
"SRR1502468",0.398622047244095,0.0187007874015748,0.000984251968503937,0.000984251968503937,0.000984251968503937,0.0875984251968504,0.00492125984251968,0.000984251968503937,0.000984251968503937,0.137795275590551,0.126968503937008,0.00492125984251968,0.000984251968503937,0.206692913385827,0.00393700787401575,0.00393700787401575
"SRR1502469",0.432086614173228,0.0659448818897638,0.000984251968503937,0.000984251968503937,0.000984251968503937,0.167322834645669,0.000984251968503937,0.000984251968503937,0.00984251968503937,0.0511811023622047,0.0206692913385827,0.00688976377952756,0.00590551181102362,0.216535433070866,0.000984251968503937,0.0177165354330709
"SRR1502470",0.298228346456693,0.137795275590551,0.0187007874015748,0.000984251968503937,0.0147637795275591,0.373031496062992,0.000984251968503937,0.000984251968503937,0.000984251968503937,0.000984251968503937,0.0354330708661417,0.0334645669291339,0.00196850393700787,0.0570866141732283,0.0206692913385827,0.00393700787401575
"SRR1502471",0.12007874015748,0.00590551181102362,0.000984251968503937,0.000984251968503937,0.000984251968503937,0.293307086614173,0.000984251968503937,0.000984251968503937,0.236220472440945,0.0816929133858268,0.0974409448818898,0.00492125984251968,0.000984251968503937,0.107283464566929,0.000984251968503937,0.046259842519685
"SRR1502472",0.196850393700787,0.301181102362205,0.000984251968503937,0.000984251968503937,0.000984251968503937,0.0147637795275591,0.000984251968503937,0.00885826771653543,0.00984251968503937,0.0590551181102362,0.238188976377953,0.047244094488189,0.000984251968503937,0.112204724409449,0.000984251968503937,0.00590551181102362
"SRR1502473",0.294291338582677,0.0265748031496063,0.00393700787401575,0.000984251968503937,0.000984251968503937,0.000984251968503937,0.00393700787401575,0.00393700787401575,0.000984251968503937,0.483267716535433,0.031496062992126,0.00492125984251968,0.00295275590551181,0.112204724409449,0.000984251968503937,0.0275590551181102
"SRR1502474",0.258858267716535,0.015748031496063,0.000984251968503937,0.000984251968503937,0.000984251968503937,0.154527559055118,0.000984251968503937,0.00295275590551181,0.00295275590551181,0.077755905511811,0.415354330708661,0.000984251968503937,0.00196850393700787,0.062992125984252,0.000984251968503937,0.000984251968503937
"SRR1502475",0.274606299212598,0.00984251968503937,0.000984251968503937,0.000984251968503937,0.000984251968503937,0.125984251968504,0.000984251968503937,0.000984251968503937,0.000984251968503937,0.105314960629921,0.205708661417323,0.0127952755905512,0.0127952755905512,0.24507874015748,0.000984251968503937,0.000984251968503937
"SRR1502476",0.317913385826772,0.030511811023622,0.00492125984251968,0.0078740157480315,0.047244094488189,0.278543307086614,0.000984251968503937,0.00492125984251968,0.0187007874015748,0.000984251968503937,0.0708661417322835,0.0246062992125984,0.00295275590551181,0.166338582677165,0.015748031496063,0.00688976377952756
"SRR1502477",0.334645669291339,0.00984251968503937,0.00295275590551181,0.00393700787401575,0.0295275590551181,0.515748031496063,0.000984251968503937,0.00295275590551181,0.0108267716535433,0.0275590551181102,0.0226377952755906,0.000984251968503937,0.000984251968503937,0.0196850393700787,0.000984251968503937,0.015748031496063
"SRR1502478",0.406496062992126,0.046259842519685,0.0127952755905512,0.00295275590551181,0.0118110236220472,0.346456692913386,0.00196850393700787,0.00885826771653543,0.0206692913385827,0.0383858267716535,0.0482283464566929,0.000984251968503937,0.00393700787401575,0.0187007874015748,0.00196850393700787,0.0295275590551181
"SRR1502479",0.312992125984252,0.030511811023622,0.0108267716535433,0.000984251968503937,0.00492125984251968,0.371062992125984,0.000984251968503937,0.000984251968503937,0.000984251968503937,0.031496062992126,0.0295275590551181,0.0925196850393701,0.000984251968503937,0.0354330708661417,0.0748031496062992,0.000984251968503937
"SRR1502481",0.250984251968504,0.625,0.0285433070866142,0.00688976377952756,0.00393700787401575,0.0147637795275591,0.00984251968503937,0.000984251968503937,0.000984251968503937,0.0246062992125984,0.0255905511811024,0.000984251968503937,0.000984251968503937,0.00393700787401575,0.000984251968503937,0.000984251968503937
"SRR1502482",0.235236220472441,0.292322834645669,0.0383858267716535,0.0767716535433071,0.273622047244095,0.00885826771653543,0.0196850393700787,0.0187007874015748,0.000984251968503937,0.000984251968503937,0.000984251968503937,0.00885826771653543,0.0216535433070866,0.000984251968503937,0.000984251968503937,0.000984251968503937
"SRR1502483",0.226377952755905,0.576771653543307,0.0679133858267717,0.0501968503937008,0.0295275590551181,0.00393700787401575,0.0118110236220472,0.0137795275590551,0.000984251968503937,0.00196850393700787,0.00393700787401575,0.00295275590551181,0.00492125984251968,0.000984251968503937,0.000984251968503937,0.00295275590551181
"SRR1502485",0.449803149606299,0.186023622047244,0.0954724409448819,0.030511811023622,0.0521653543307087,0.0078740157480315,0.0482283464566929,0.0127952755905512,0.000984251968503937,0.00196850393700787,0.0511811023622047,0.000984251968503937,0.0561023622047244,0.000984251968503937,0.00393700787401575,0.000984251968503937
"SRR1502486",0.509842519685039,0.21751968503937,0.0994094488188976,0.0147637795275591,0.0915354330708661,0.00492125984251968,0.0334645669291339,0.000984251968503937,0.000984251968503937,0.000984251968503937,0.000984251968503937,0.000984251968503937,0.00492125984251968,0.000984251968503937,0.0147637795275591,0.00295275590551181
"SRR1502487",0.77755905511811,0.0590551181102362,0.0639763779527559,0.000984251968503937,0.000984251968503937,0.0324803149606299,0.00295275590551181,0.0196850393700787,0.000984251968503937,0.00984251968503937,0.000984251968503937,0.00196850393700787,0.00492125984251968,0.00492125984251968,0.0177165354330709,0.000984251968503937
"SRR1502488",0.678149606299213,0.078740157480315,0.000984251968503937,0.000984251968503937,0.000984251968503937,0.000984251968503937,0.000984251968503937,0.000984251968503937,0.000984251968503937,0.167322834645669,0.000984251968503937,0.000984251968503937,0.000984251968503937,0.0442913385826772,0.0206692913385827,0.000984251968503937
"SRR1502494",0.422244094488189,0.00590551181102362,0.00492125984251968,0.000984251968503937,0.000984251968503937,0.015748031496063,0.000984251968503937,0.000984251968503937,0.000984251968503937,0.433070866141732,0.000984251968503937,0.000984251968503937,0.000984251968503937,0.108267716535433,0.000984251968503937,0.000984251968503937
"SRR1502495",0.567913385826772,0.0118110236220472,0.0167322834645669,0.000984251968503937,0.000984251968503937,0.000984251968503937,0.00196850393700787,0.00492125984251968,0.000984251968503937,0.117125984251969,0.0610236220472441,0.000984251968503937,0.000984251968503937,0.206692913385827,0.000984251968503937,0.00492125984251968
"SRR1502512",0.44488188976378,0.119094488188976,0.000984251968503937,0.0127952755905512,0.0639763779527559,0.165354330708661,0.0127952755905512,0.0275590551181102,0.0767716535433071,0.00688976377952756,0.000984251968503937,0.0413385826771654,0.0108267716535433,0.0078740157480315,0.00688976377952756,0.000984251968503937
"SRR1502513",0.452755905511811,0.111220472440945,0.000984251968503937,0.000984251968503937,0.00196850393700787,0.12007874015748,0.000984251968503937,0.000984251968503937,0.00688976377952756,0.193897637795276,0.0206692913385827,0.000984251968503937,0.000984251968503937,0.0816929133858268,0.00393700787401575,0.000984251968503937
"SRR1502544",0.880905511811024,0.0561023622047244,0.0118110236220472,0.00688976377952756,0.000984251968503937,0.0118110236220472,0.0118110236220472,0.0078740157480315,0.000984251968503937,0.000984251968503937,0.000984251968503937,0.000984251968503937,0.000984251968503937,0.00492125984251968,0.000984251968503937,0.000984251968503937
"SRR1502545",0.425196850393701,0.406496062992126,0.0580708661417323,0.031496062992126,0.00196850393700787,0.000984251968503937,0.0541338582677165,0.0078740157480315,0.000984251968503937,0.000984251968503937,0.000984251968503937,0.00196850393700787,0.00590551181102362,0.000984251968503937,0.000984251968503937,0.000984251968503937
"SRR1502548",0.496062992125984,0.204724409448819,0.0295275590551181,0.00295275590551181,0.0374015748031496,0.0826771653543307,0.00688976377952756,0.0118110236220472,0.000984251968503937,0.00492125984251968,0.000984251968503937,0.0295275590551181,0.0364173228346457,0.0118110236220472,0.00492125984251968,0.0383858267716535
"SRR1502549",0.559055118110236,0.139763779527559,0.0206692913385827,0.00196850393700787,0.047244094488189,0.0196850393700787,0.0374015748031496,0.0600393700787402,0.000984251968503937,0.00492125984251968,0.000984251968503937,0.000984251968503937,0.0698818897637795,0.0127952755905512,0.00295275590551181,0.0206692913385827
"SRR1502550",0.62992125984252,0.0265748031496063,0.00590551181102362,0.00295275590551181,0.00393700787401575,0.00492125984251968,0.0994094488188976,0.197834645669291,0.000984251968503937,0.00393700787401575,0.000984251968503937,0.000984251968503937,0.0108267716535433,0.000984251968503937,0.000984251968503937,0.00885826771653543
"SRR1502551",0.676181102362205,0.0403543307086614,0.00492125984251968,0.000984251968503937,0.000984251968503937,0.000984251968503937,0.00688976377952756,0.0531496062992126,0.000984251968503937,0.0423228346456693,0.0147637795275591,0.000984251968503937,0.0561023622047244,0.0984251968503937,0.000984251968503937,0.000984251968503937
"SRR1502552",0.367125984251969,0.0295275590551181,0.00393700787401575,0.00196850393700787,0.000984251968503937,0.181102362204724,0.00196850393700787,0.0118110236220472,0.00492125984251968,0.103346456692913,0.125984251968504,0.00393700787401575,0.0492125984251969,0.0826771653543307,0.000984251968503937,0.030511811023622
"SRR1502553",0.239173228346457,0.37992125984252,0.228346456692913,0.0669291338582677,0.000984251968503937,0.0393700787401575,0.0108267716535433,0.000984251968503937,0.000984251968503937,0.00295275590551181,0.000984251968503937,0.0108267716535433,0.00196850393700787,0.0078740157480315,0.00688976377952756,0.000984251968503937
"SRR1502554",0.465551181102362,0.0187007874015748,0.078740157480315,0.122047244094488,0.000984251968503937,0.00885826771653543,0.030511811023622,0.216535433070866,0.000984251968503937,0.000984251968503937,0.000984251968503937,0.0147637795275591,0.0078740157480315,0.00590551181102362,0.0206692913385827,0.00590551181102362
"SRR1502555",0.625,0.0531496062992126,0.0482283464566929,0.0167322834645669,0.00492125984251968,0.158464566929134,0.0147637795275591,0.000984251968503937,0.000984251968503937,0.0226377952755906,0.00492125984251968,0.0167322834645669,0.00295275590551181,0.0118110236220472,0.0167322834645669,0.000984251968503937
"SRR1502556",0.584645669291339,0.015748031496063,0.0885826771653543,0.000984251968503937,0.000984251968503937,0.247047244094488,0.0118110236220472,0.00590551181102362,0.000984251968503937,0.0177165354330709,0.000984251968503937,0.0118110236220472,0.000984251968503937,0.000984251968503937,0.00590551181102362,0.00492125984251968
"SRR1502557",0.510826771653543,0.234251968503937,0.0118110236220472,0.00492125984251968,0.0265748031496063,0.115157480314961,0.000984251968503937,0.0187007874015748,0.0482283464566929,0.0078740157480315,0.000984251968503937,0.00393700787401575,0.00196850393700787,0.000984251968503937,0.00688976377952756,0.00590551181102362
"SRR1502558",0.43503937007874,0.000984251968503937,0.00492125984251968,0.00393700787401575,0.000984251968503937,0.00295275590551181,0.000984251968503937,0.541338582677165,0.000984251968503937,0.000984251968503937,0.000984251968503937,0.000984251968503937,0.00196850393700787,0.000984251968503937,0.000984251968503937,0.000984251968503937
"SRR1502559",0.654527559055118,0.228346456692913,0.0108267716535433,0.015748031496063,0.0108267716535433,0.031496062992126,0.00688976377952756,0.00590551181102362,0.00885826771653543,0.000984251968503937,0.000984251968503937,0.000984251968503937,0.0108267716535433,0.000984251968503937,0.0078740157480315,0.00393700787401575
"SRR1502560",0.415354330708661,0.389763779527559,0.0590551181102362,0.00590551181102362,0.0285433070866142,0.0688976377952756,0.000984251968503937,0.00885826771653543,0.00295275590551181,0.000984251968503937,0.00590551181102362,0.00492125984251968,0.00196850393700787,0.000984251968503937,0.00393700787401575,0.000984251968503937
"SRR1502561",0.404527559055118,0.15748031496063,0.186023622047244,0.0433070866141732,0.00196850393700787,0.0964566929133858,0.00688976377952756,0.00492125984251968,0.00688976377952756,0.0127952755905512,0.000984251968503937,0.0275590551181102,0.00590551181102362,0.0236220472440945,0.00590551181102362,0.0147637795275591
"SRR1502562",0.390748031496063,0.00885826771653543,0.0767716535433071,0.00492125984251968,0.0137795275590551,0.0688976377952756,0.0137795275590551,0.161417322834646,0.00295275590551181,0.00492125984251968,0.133858267716535,0.00295275590551181,0.00885826771653543,0.0846456692913386,0.00295275590551181,0.0196850393700787
"SRR1502563",0.418307086614173,0.0236220472440945,0.0561023622047244,0.00885826771653543,0.0137795275590551,0.132874015748032,0.0108267716535433,0.0816929133858268,0.000984251968503937,0.0118110236220472,0.126968503937008,0.0137795275590551,0.00885826771653543,0.062007874015748,0.0127952755905512,0.0167322834645669
"SRR1502564",0.289370078740157,0.0551181102362205,0.00393700787401575,0.00196850393700787,0.135826771653543,0.108267716535433,0.000984251968503937,0.100393700787402,0.0423228346456693,0.0688976377952756,0.104330708661417,0.000984251968503937,0.0078740157480315,0.0511811023622047,0.0167322834645669,0.0118110236220472
"SRR1502565",0.549212598425197,0.015748031496063,0.0177165354330709,0.000984251968503937,0.000984251968503937,0.000984251968503937,0.000984251968503937,0.00984251968503937,0.0501968503937008,0.166338582677165,0.112204724409449,0.000984251968503937,0.00688976377952756,0.0433070866141732,0.0078740157480315,0.015748031496063
"SRR1502566",0.285433070866142,0.0580708661417323,0.0590551181102362,0.0137795275590551,0.0108267716535433,0.351377952755905,0.00196850393700787,0.00590551181102362,0.0147637795275591,0.0738188976377953,0.0364173228346457,0.0187007874015748,0.00196850393700787,0.0334645669291339,0.0334645669291339,0.000984251968503937
"SRR1502567",0.68503937007874,0.000984251968503937,0.00393700787401575,0.000984251968503937,0.0492125984251969,0.124015748031496,0.000984251968503937,0.00393700787401575,0.0167322834645669,0.0393700787401575,0.0118110236220472,0.00885826771653543,0.00295275590551181,0.0285433070866142,0.00885826771653543,0.0137795275590551
"SRR1502568",0.437992125984252,0.0423228346456693,0.0137795275590551,0.00295275590551181,0.000984251968503937,0.165354330708661,0.000984251968503937,0.00590551181102362,0.0118110236220472,0.236220472440945,0.00196850393700787,0.000984251968503937,0.0196850393700787,0.0403543307086614,0.0137795275590551,0.00492125984251968
"SRR1502569",0.37992125984252,0.0718503937007874,0.0492125984251969,0.00492125984251968,0.000984251968503937,0.278543307086614,0.000984251968503937,0.000984251968503937,0.00393700787401575,0.062992125984252,0.0748031496062992,0.015748031496063,0.00393700787401575,0.0452755905511811,0.00492125984251968,0.000984251968503937
"SRR1502570",0.316929133858268,0.077755905511811,0.0580708661417323,0.00590551181102362,0.0177165354330709,0.209645669291339,0.00688976377952756,0.00590551181102362,0.000984251968503937,0.077755905511811,0.140748031496063,0.00590551181102362,0.0246062992125984,0.0413385826771654,0.000984251968503937,0.00885826771653543
"SRR1502571",0.523622047244094,0.0836614173228346,0.0374015748031496,0.0147637795275591,0.0196850393700787,0.0846456692913386,0.00590551181102362,0.0246062992125984,0.000984251968503937,0.015748031496063,0.078740157480315,0.00492125984251968,0.0147637795275591,0.0433070866141732,0.0187007874015748,0.0285433070866142
"SRR1502572",0.628937007874016,0.0826771653543307,0.0354330708661417,0.0167322834645669,0.0442913385826772,0.0236220472440945,0.00295275590551181,0.0866141732283465,0.000984251968503937,0.000984251968503937,0.000984251968503937,0.000984251968503937,0.00688976377952756,0.0433070866141732,0.0196850393700787,0.00492125984251968
"SRR1502573",0.348425196850394,0.590551181102362,0.0246062992125984,0.000984251968503937,0.0137795275590551,0.000984251968503937,0.000984251968503937,0.000984251968503937,0.000984251968503937,0.000984251968503937,0.000984251968503937,0.000984251968503937,0.000984251968503937,0.00492125984251968,0.0078740157480315,0.000984251968503937
"SRR1502574",0.68503937007874,0.109251968503937,0.0866141732283465,0.0344488188976378,0.00590551181102362,0.000984251968503937,0.0127952755905512,0.0265748031496063,0.000984251968503937,0.00295275590551181,0.000984251968503937,0.000984251968503937,0.0147637795275591,0.0137795275590551,0.000984251968503937,0.00295275590551181
"SRR1502575",0.324803149606299,0.0374015748031496,0.179133858267717,0.0954724409448819,0.262795275590551,0.000984251968503937,0.00492125984251968,0.046259842519685,0.00196850393700787,0.000984251968503937,0.00196850393700787,0.000984251968503937,0.015748031496063,0.00196850393700787,0.00295275590551181,0.0216535433070866
"SRR1502576",0.376968503937008,0.0413385826771654,0.093503937007874,0.0137795275590551,0.306102362204724,0.0127952755905512,0.0206692913385827,0.000984251968503937,0.00492125984251968,0.000984251968503937,0.000984251968503937,0.00885826771653543,0.047244094488189,0.000984251968503937,0.015748031496063,0.0541338582677165
"SRR1502577",0.228346456692913,0.0669291338582677,0.0580708661417323,0.00590551181102362,0.154527559055118,0.0649606299212598,0.000984251968503937,0.000984251968503937,0.0501968503937008,0.188976377952756,0.000984251968503937,0.00885826771653543,0.0108267716535433,0.0974409448818898,0.00393700787401575,0.0580708661417323
"SRR1502578",0.292322834645669,0.0511811023622047,0.0541338582677165,0.015748031496063,0.351377952755905,0.148622047244095,0.000984251968503937,0.015748031496063,0.0255905511811024,0.00295275590551181,0.000984251968503937,0.00688976377952756,0.0216535433070866,0.000984251968503937,0.00984251968503937,0.000984251968503937
"SRR1502581",0.400590551181102,0.0324803149606299,0.0147637795275591,0.00984251968503937,0.00885826771653543,0.0866141732283465,0.000984251968503937,0.000984251968503937,0.00492125984251968,0.230314960629921,0.138779527559055,0.000984251968503937,0.000984251968503937,0.0492125984251969,0.0118110236220472,0.0078740157480315
"SRR1502587",0.40255905511811,0.0255905511811024,0.030511811023622,0.00295275590551181,0.0531496062992126,0.0994094488188976,0.000984251968503937,0.000984251968503937,0.0728346456692913,0.177165354330709,0.0216535433070866,0.0137795275590551,0.0374015748031496,0.0393700787401575,0.015748031496063,0.00590551181102362
"SRR1502588",0.693897637795276,0.0177165354330709,0.00688976377952756,0.000984251968503937,0.0334645669291339,0.00885826771653543,0.000984251968503937,0.00885826771653543,0.000984251968503937,0.0669291338582677,0.000984251968503937,0.000984251968503937,0.00688976377952756,0.0295275590551181,0.121062992125984,0.000984251968503937
"SRR1502589",0.335629921259843,0.137795275590551,0.210629921259843,0.0118110236220472,0.0738188976377953,0.062992125984252,0.00688976377952756,0.00590551181102362,0.0196850393700787,0.0216535433070866,0.0078740157480315,0.0334645669291339,0.000984251968503937,0.0649606299212598,0.000984251968503937,0.00492125984251968
"SRR1502590",0.306102362204724,0.112204724409449,0.000984251968503937,0.000984251968503937,0.0285433070866142,0.000984251968503937,0.000984251968503937,0.00295275590551181,0.491141732283465,0.0118110236220472,0.00492125984251968,0.00196850393700787,0.00393700787401575,0.00590551181102362,0.00492125984251968,0.0216535433070866
"SRR1502596",0.218503937007874,0.666338582677165,0.000984251968503937,0.00885826771653543,0.000984251968503937,0.0442913385826772,0.00688976377952756,0.000984251968503937,0.000984251968503937,0.000984251968503937,0.000984251968503937,0.00590551181102362,0.00590551181102362,0.0147637795275591,0.0216535433070866,0.000984251968503937
"SRR1502597",0.325787401574803,0.154527559055118,0.000984251968503937,0.0137795275590551,0.163385826771654,0.0118110236220472,0.0147637795275591,0.0177165354330709,0.000984251968503937,0.000984251968503937,0.00393700787401575,0.000984251968503937,0.0255905511811024,0.22244094488189,0.0118110236220472,0.030511811023622
"SRR1502617",0.618110236220472,0.0826771653543307,0.000984251968503937,0.000984251968503937,0.0374015748031496,0.000984251968503937,0.0206692913385827,0.00393700787401575,0.000984251968503937,0.0393700787401575,0.0285433070866142,0.000984251968503937,0.00590551181102362,0.151574803149606,0.000984251968503937,0.00590551181102362
"SRR1502618",0.382874015748031,0.22244094488189,0.0147637795275591,0.000984251968503937,0.0196850393700787,0.101377952755906,0.000984251968503937,0.00393700787401575,0.0285433070866142,0.125,0.0255905511811024,0.0137795275590551,0.0196850393700787,0.0118110236220472,0.0196850393700787,0.00885826771653543
"SRR1502619",0.285433070866142,0.49507874015748,0.000984251968503937,0.000984251968503937,0.000984251968503937,0.000984251968503937,0.0078740157480315,0.000984251968503937,0.000984251968503937,0.114173228346457,0.0226377952755906,0.000984251968503937,0.00393700787401575,0.0521653543307087,0.000984251968503937,0.0108267716535433
"SRR1502626",0.418307086614173,0.145669291338583,0.000984251968503937,0.000984251968503937,0.143700787401575,0.0954724409448819,0.0196850393700787,0.00492125984251968,0.0698818897637795,0.00393700787401575,0.000984251968503937,0.0127952755905512,0.0452755905511811,0.00492125984251968,0.0137795275590551,0.0187007874015748
"SRR1502627",0.298228346456693,0.202755905511811,0.000984251968503937,0.0108267716535433,0.132874015748032,0.0511811023622047,0.0118110236220472,0.00885826771653543,0.15748031496063,0.0255905511811024,0.0265748031496063,0.0108267716535433,0.0216535433070866,0.0236220472440945,0.000984251968503937,0.015748031496063
"SRR1502628",0.372047244094488,0.161417322834646,0.000984251968503937,0.0108267716535433,0.295275590551181,0.0698818897637795,0.00984251968503937,0.000984251968503937,0.000984251968503937,0.000984251968503937,0.000984251968503937,0.0147637795275591,0.0374015748031496,0.0137795275590551,0.000984251968503937,0.00885826771653543
"SRR1502637",0.433070866141732,0.0295275590551181,0.00492125984251968,0.0127952755905512,0.0196850393700787,0.22244094488189,0.00393700787401575,0.000984251968503937,0.0196850393700787,0.136811023622047,0.0521653543307087,0.000984251968503937,0.0108267716535433,0.0265748031496063,0.000984251968503937,0.0246062992125984
"SRR1502638",0.477362204724409,0.0698818897637795,0.0265748031496063,0.0236220472440945,0.0147637795275591,0.00984251968503937,0.000984251968503937,0.0137795275590551,0.00688976377952756,0.229330708661417,0.046259842519685,0.000984251968503937,0.000984251968503937,0.062007874015748,0.000984251968503937,0.015748031496063
"SRR1502639",0.349409448818898,0.0216535433070866,0.000984251968503937,0.00984251968503937,0.00295275590551181,0.330708661417323,0.0118110236220472,0.0187007874015748,0.000984251968503937,0.148622047244095,0.0570866141732283,0.000984251968503937,0.0108267716535433,0.0334645669291339,0.000984251968503937,0.000984251968503937
"SRR1502640",0.496062992125984,0.0570866141732283,0.0275590551181102,0.000984251968503937,0.000984251968503937,0.21259842519685,0.00688976377952756,0.000984251968503937,0.000984251968503937,0.0954724409448819,0.0531496062992126,0.000984251968503937,0.015748031496063,0.0236220472440945,0.00295275590551181,0.00393700787401575
"SRR1502641",0.361220472440945,0.0118110236220472,0.00688976377952756,0.000984251968503937,0.000984251968503937,0.521653543307087,0.00393700787401575,0.0127952755905512,0.000984251968503937,0.00492125984251968,0.0324803149606299,0.000984251968503937,0.0167322834645669,0.0216535433070866,0.000984251968503937,0.000984251968503937
"SRR1502642",0.466535433070866,0.062992125984252,0.000984251968503937,0.000984251968503937,0.000984251968503937,0.345472440944882,0.00984251968503937,0.00885826771653543,0.000984251968503937,0.0374015748031496,0.0187007874015748,0.000984251968503937,0.0187007874015748,0.0246062992125984,0.000984251968503937,0.000984251968503937
"SRR1502643",0.68503937007874,0.000984251968503937,0.000984251968503937,0.0344488188976378,0.000984251968503937,0.0954724409448819,0.0137795275590551,0.0246062992125984,0.000984251968503937,0.000984251968503937,0.0649606299212598,0.000984251968503937,0.000984251968503937,0.0728346456692913,0.000984251968503937,0.000984251968503937
"SRR1502644",0.643700787401575,0.000984251968503937,0.000984251968503937,0.00885826771653543,0.000984251968503937,0.257874015748031,0.0127952755905512,0.000984251968503937,0.000984251968503937,0.000984251968503937,0.00885826771653543,0.000984251968503937,0.00590551181102362,0.0531496062992126,0.000984251968503937,0.000984251968503937
"SRR1502654",0.480314960629921,0.0364173228346457,0.0344488188976378,0.00590551181102362,0.00885826771653543,0.25,0.000984251968503937,0.000984251968503937,0.151574803149606,0.000984251968503937,0.000984251968503937,0.000984251968503937,0.000984251968503937,0.000984251968503937,0.0246062992125984,0.000984251968503937
"SRR1502655",0.242125984251968,0.101377952755906,0.0127952755905512,0.000984251968503937,0.000984251968503937,0.148622047244095,0.000984251968503937,0.000984251968503937,0.062992125984252,0.326771653543307,0.0521653543307087,0.0108267716535433,0.000984251968503937,0.0147637795275591,0.000984251968503937,0.0216535433070866
"SRR1502656",0.275590551181102,0.0452755905511811,0.000984251968503937,0.00393700787401575,0.000984251968503937,0.0147637795275591,0.000984251968503937,0.000984251968503937,0.0551181102362205,0.225393700787402,0.000984251968503937,0.27755905511811,0.00590551181102362,0.0895669291338583,0.000984251968503937,0.000984251968503937
"SRR1502657",0.701771653543307,0.094488188976378,0.00492125984251968,0.000984251968503937,0.000984251968503937,0.0127952755905512,0.00295275590551181,0.000984251968503937,0.000984251968503937,0.000984251968503937,0.000984251968503937,0.0354330708661417,0.000984251968503937,0.103346456692913,0.0364173228346457,0.000984251968503937
"SRR1502658",0.377952755905512,0.0856299212598425,0.0078740157480315,0.000984251968503937,0.000984251968503937,0.297244094488189,0.000984251968503937,0.00196850393700787,0.00885826771653543,0.114173228346457,0.015748031496063,0.000984251968503937,0.00295275590551181,0.0718503937007874,0.0108267716535433,0.000984251968503937
