"","other","Mortierella","Solicoccozyma","Saitozyma","Umbelopsis","Russula","Trichoderma","Penicillium","Cortinarius","Inocybe","Sebacina","Lactarius","Cladophialophora","Tomentella","Mycena","Cenococcum"
"1",0.414656154092154,0.145639760155497,0.0504482563937937,0.0259097187158722,0.0466723024987371,0.0605367818314059,0.020034290082186,0.020781997224185,0.0265511576477827,0.0362464155402905,0.0208832741209677,0.0230999524740834,0.0245500469290409,0.0343594247503426,0.0246942882182939,0.024936179325367
"2",0.423895845954319,0.127087003144208,0.0501873758006781,0.0273316188015066,0.0489826720792584,0.0605651403193945,0.0200689745171246,0.0222096087619042,0.0302419936097962,0.0271002652636763,0.0218064449211917,0.0244938722857489,0.0265214425322711,0.0338764840530838,0.0276424033974293,0.0279888545584089
"3",0.427370227852123,0.105327008072485,0.0389841620924836,0.0250575140665565,0.0786784242870833,0.0438077870059816,0.0192548340258748,0.0224238595172254,0.0572758671543344,0.0190878956123345,0.0134003023456619,0.0297658043180253,0.0299746267459751,0.0286520691519392,0.0282753097765367,0.0326643079753805
"4",0.452925502343799,0.10110454044681,0.0377507595520027,0.0262650807809094,0.0328723068431159,0.0442460209498955,0.0191283058616351,0.0240993331289685,0.0287181040916351,0.0405312732854311,0.033983902867744,0.0212611041986445,0.0275549730662555,0.0478853954375236,0.0302095003851138,0.0314638967605166
"5",0.394561318317554,0.0650975844473765,0.0214250350971142,0.0159896271141248,0.0221144665650668,0.0701124996742339,0.0155720201106965,0.0182310584622707,0.0363759252034796,0.13933233929005,0.0474608301302584,0.0207919585860383,0.017483818197814,0.0717937164749243,0.0174014172329105,0.0262563850960868
"6",0.438033610846041,0.0938013678403679,0.042075560089102,0.0262252661214505,0.0324639942275529,0.0742483238078942,0.0200747327997187,0.023156819078733,0.0281067480952613,0.0352043212638491,0.0359880433408458,0.0266752753118586,0.0218102581192939,0.0442918657132658,0.0259433168101439,0.0319004965346213
"7",0.41387597437149,0.0887776900338382,0.0346741137056253,0.0213560582785262,0.0381058380744186,0.0872622543509893,0.0181801667962797,0.019978075604892,0.0384486814626699,0.0608969526335006,0.0306221181911537,0.0274283451349304,0.0201197658653811,0.0494962254300624,0.0212771856028387,0.0295005544634034
"8",0.375888338156489,0.0569831367854373,0.0166700864862447,0.0154141236034756,0.0172595504833576,0.060858143213414,0.0140778266747849,0.0169556985285164,0.030760677782699,0.181938809432348,0.0502750785994117,0.0180401809155377,0.0166126803720962,0.0844341361500999,0.0172525449649564,0.0265789878511319
"9",0.44347438627051,0.0879764176895068,0.0343197467731004,0.0256983669281778,0.0645818058244303,0.0422525808362746,0.0187455672086262,0.024279970867561,0.0539033015664424,0.023435320887761,0.0178174245747036,0.0278341243865422,0.0320117795054907,0.0364773198169098,0.0316177766901451,0.0355741101738174
"10",0.446380239980933,0.0694531640695391,0.0221647353983449,0.0224953068696024,0.0223686209429858,0.0364206982672243,0.0163087539769394,0.0228597708728633,0.0308230332177134,0.0811990224300372,0.046554294472618,0.017822841495193,0.0268882454930792,0.0743958599449066,0.0295745593338237,0.0342908532341971
"11",0.416940037569556,0.082282901145309,0.0282942336229971,0.020953404683984,0.0394249783951551,0.0781640496626931,0.0178130955011168,0.0197763852512237,0.0428874340924338,0.0707664291822441,0.0279060933117336,0.0274832810115914,0.0209118783993025,0.0538226310393998,0.0214307241124565,0.0311424430188031
"12",0.415797147546455,0.0866647677923133,0.0294958624526832,0.0213414476775198,0.0340908550123564,0.0794408733978616,0.0180164026739074,0.0196967948464767,0.0356620970040612,0.0762066548055833,0.031245963313821,0.0257540338861229,0.02016921853817,0.0554251406076713,0.0211851663646824,0.0298075740803144
"13",0.379752290278288,0.0601098758288639,0.0170974112500509,0.0149942279463754,0.013693821325611,0.0492119937306712,0.0144317878766157,0.0176352302808504,0.023813217878095,0.193160322786081,0.0595553320268804,0.0159521312708705,0.0159734112295161,0.0839947909061707,0.0166303693583519,0.0239937860267078
"14",0.400242088261729,0.0480396439221593,0.012126879283584,0.0141806778404764,0.0178085074171208,0.0285526338704061,0.0132404434440639,0.0190201305419513,0.0425510686835347,0.177079159700698,0.0498835915153222,0.0147500960346799,0.0226476724267547,0.0911732468835512,0.0204998852334273,0.0282042749405415
"15",0.350044750838179,0.0472528255880004,0.0131285120082406,0.0130266050480859,0.0130002535951785,0.0538927981311972,0.0126375458903913,0.0156135416183717,0.0285160518901343,0.23317431937715,0.0582653462571764,0.015294232029315,0.014910948931778,0.0922423429793715,0.0150710586550857,0.0239288671623447
"16",0.354689048128564,0.0467526018133593,0.0139797675725552,0.0133018785987016,0.0123029068104118,0.0518043269290692,0.0126084734365984,0.0162344001533505,0.0266702810782598,0.223237672657395,0.0642859993540312,0.015048441997913,0.0150834642150883,0.0938836439884134,0.0158268206089254,0.0242902726573633
"17",0.373704142967491,0.0590707990130564,0.0191338274693658,0.0152760503948905,0.0150723171023599,0.068528103810169,0.0144991736058283,0.0172931724818319,0.0264198407830467,0.174435743673519,0.0609661727909669,0.0171489727565128,0.0158769480290511,0.081822454443599,0.0165710215873787,0.0241812590909329
"18",0.350898835358722,0.0549473170590438,0.0170769192797788,0.0134384868320754,0.0133928130623078,0.0668194457898008,0.013263517046677,0.0156945170816609,0.0260062901419286,0.214338510450032,0.0623597203633189,0.015762043603329,0.0143421003594603,0.0846914557099021,0.0146945124667811,0.022273515395182
"19",0.425722674821815,0.0948071966441975,0.0264336432545493,0.0182654415940429,0.0273017089117402,0.0456960054733017,0.0175831990989657,0.0204001560141421,0.0331318613083492,0.107773722128686,0.0379740715187787,0.0182187194078676,0.0230238593285115,0.0592734217595476,0.0204362215207063,0.0239580972147983
"20",0.36188076622335,0.0567935335464612,0.0169945511533849,0.0141579283814595,0.0131356641588897,0.059722786186912,0.0138016749707481,0.016530504379243,0.0241316313600585,0.206536258617556,0.062437099034999,0.0156078512927799,0.0149997274070515,0.0850719052677189,0.0154699507752024,0.0227281672441855
"21",0.380686434216466,0.0534033739571442,0.0177860555824671,0.0151413466870484,0.0158248691145799,0.0652684545855225,0.0143633872992494,0.0178714866507154,0.0307396942308135,0.165655037683989,0.0614085054397196,0.0177865140613214,0.0166725892404901,0.0842294736460637,0.0172766871880511,0.0258860904163584
"22",0.400498684468598,0.111879193668759,0.0475159699047496,0.024819434677306,0.0413885141555498,0.102678267702703,0.0192677634814303,0.0196540460616073,0.0287054591212318,0.0406148629697027,0.0259118817518121,0.0281505108657251,0.0195614848483495,0.0393473172390973,0.0221533206752377,0.0278532884081406
"23",0.409218467765896,0.0911970811948474,0.0355911572472105,0.0218985568456646,0.0323136432570275,0.0954503094929696,0.0185446753214826,0.0199619508869697,0.0309976325162568,0.0652378594663252,0.0348993428915443,0.0253759894661531,0.0195059510976674,0.0513006906100917,0.0208885841380418,0.0276181078018512
"24",0.429855061774954,0.0269598483900184,0.0257216641722014,0.0261849704120374,0.0139807609585868,0.249346218286445,0.0274692942032362,0.0221509988002351,0.00905001296445578,0.0238713711621034,0.0380299930853833,0.0159431270499457,0.0191921553793837,0.0443625018551116,0.0149304997198271,0.0129515217860761
"25",0.423016746223464,0.0231622482700489,0.0214300574277056,0.0247197786409919,0.0135501087139932,0.251020394031708,0.0253115766681259,0.0213609281252506,0.0101050831566607,0.0311077206783281,0.0393360256576407,0.0156224322956101,0.0192414607712389,0.0523384342431159,0.0149935248042005,0.0136834802919164
"26",0.354998039550091,0.0467859768096954,0.014512890257814,0.0144734703583293,0.0107522072058214,0.0561440185929643,0.0126609875932984,0.0162301224370318,0.0229681667069084,0.208209564939465,0.0723146129351002,0.0145942924646903,0.0149634007365211,0.0979399785584234,0.0168990610370998,0.0255532098167465
"27",0.398125673623492,0.0629785525963663,0.0136749818299314,0.0128254152824155,0.0772573531495893,0.0283967341205572,0.0148155549352518,0.0181648484747123,0.130507474665032,0.0875782620447652,0.0121396397319446,0.0258953700226774,0.0269406997015916,0.0455234876253866,0.0174622965698619,0.0277136556264255
"28",0.432027900668032,0.0797860067844974,0.0354402659707147,0.0255727400527314,0.0267627065804367,0.0800524201590729,0.0186143234139224,0.022189137313226,0.0283119821665558,0.0457524309113395,0.0437701598127705,0.0250685892276267,0.0212548068854402,0.0547238392774257,0.0264069181088465,0.0342657726673617
"29",0.403086441834003,0.0834311937747001,0.0289695825091498,0.0208015268135148,0.0262964546362428,0.0885861058288217,0.0173875303076515,0.018922451055773,0.0290533499378295,0.092560128369842,0.0392934685919388,0.0229842024502917,0.0186747463229497,0.0616483223869679,0.0202821568552061,0.0280223383251178
"30",0.616360121509052,0.0823692499783054,0.0320973885931542,0.0215248787276185,0.0117256843094058,0.010413510874447,0.0286396328775643,0.024180897309855,0.00853884690238553,0.0379947904592953,0.0292214020267075,0.0149033305621447,0.016052386589079,0.0341916660408306,0.0151611187254493,0.0166250945147059
"31",0.623555167999724,0.0832741857052499,0.0316917449773539,0.0207134319316889,0.0155979368211677,0.0099907806390909,0.0296011103781968,0.0245522610658678,0.0113341189756867,0.032110422964338,0.0228365655383587,0.0167362493310761,0.0169093611776872,0.0297834989349179,0.0146503666248893,0.0166627969347063
"32",0.356516868301284,0.0547741493863741,0.0172350754840446,0.0137476519255489,0.0140994133268064,0.0660082558303436,0.0133670578830477,0.0160118194449463,0.0273860692890589,0.205376719895504,0.0610927517636697,0.0162823310745334,0.0147707352753713,0.0848619276540784,0.0152469379226906,0.0232222355426986
"33",0.403971483535628,0.0946132733610881,0.0366204351931492,0.0223739965710614,0.0289460508871702,0.100235245665585,0.01833551741211,0.0191741065478957,0.0279488948984885,0.0666506595287194,0.0373765795623109,0.0245395931314549,0.0185478232322814,0.052177957303395,0.0207467017493693,0.0277416814202931
"34",0.391474224814852,0.0733382174232671,0.0249229387120477,0.0188226127377395,0.0225621324830333,0.0867913349897864,0.0161313895705895,0.0180130672794252,0.0296795281798003,0.118479790251257,0.0447212020049237,0.0213068302116476,0.0176823181254087,0.0695686122678794,0.0190704239965335,0.0274353769518088
"35",0.421981492121921,0.081875648106872,0.0300661824373607,0.0207017622869384,0.0249060521632404,0.0794940109831731,0.0182498756300676,0.0200896407617029,0.0321858437532805,0.0748678541250845,0.0452416170427941,0.023584796833247,0.0189529942910052,0.0580506013341991,0.0205772950821291,0.0291743330469843
"36",0.425151224868069,0.112195469697766,0.0588119166964065,0.0255963637740191,0.0266461247117371,0.0860491323894463,0.0211645095168588,0.0222524990459224,0.0227252178655656,0.0254833323303111,0.0448436561933825,0.0254148151321063,0.0185975235144783,0.0350260713993918,0.0228372540440573,0.0272048888204819
"37",0.45286862286107,0.107872791135437,0.0369952999687808,0.0235839550929494,0.0316729044366279,0.0478667240217498,0.0202121090105879,0.0230050150645372,0.0324377677311339,0.0434250479084004,0.0358064652863817,0.0212667097028209,0.0254881960398708,0.0442435847506653,0.0251963539891218,0.0280584529998644
"38",0.412665623329067,0.0590853439124341,0.0202458287189432,0.0172266342999784,0.012405710456216,0.0542025944304365,0.0160516958107101,0.0198553744242342,0.025147604807308,0.121677008942107,0.0803253824651801,0.017189781228409,0.0170333459354263,0.0799961902126401,0.0191324234591693,0.027759457567741
"39",0.393352133501003,0.0682339314180989,0.0220930196962131,0.016900956207814,0.0151972943665955,0.0706464481957703,0.0160126920051274,0.0180282628867592,0.025750009553113,0.138927232306474,0.0632242392712822,0.0181375524745484,0.0161778514669597,0.0747639537216441,0.0172783144425671,0.0252761084860302
"40",0.41676282324668,0.0927089004353564,0.0355651571171004,0.0225878129989283,0.0265594362910814,0.0921232489927963,0.0191636611871695,0.0201060678716686,0.027920738341152,0.0611909704473567,0.041502429117523,0.0241656505038727,0.018924111613083,0.0517230866428071,0.0209454539357824,0.0280504512576424
"41",0.459199743875323,0.122086564231441,0.038035782849755,0.0198028203168702,0.0262336427126902,0.0421592668024307,0.021968596578305,0.0226514144647703,0.0273828182359668,0.0570985534861408,0.0392508603883372,0.0231135193251314,0.0187464886389558,0.0402804823756006,0.0182626853062778,0.0237267604120043
"42",0.437675177600259,0.0974111750575837,0.0492347481470604,0.0239209418344896,0.0254177959481393,0.0775093404639143,0.0205391311658488,0.0228064174715745,0.0270101916316906,0.0315179587238508,0.0501496376986805,0.02523326032743,0.0192108555960373,0.0405116171851702,0.0229650501817068,0.0288867009665647
"43",0.413447178692653,0.104139340341724,0.0445544332856229,0.0269824707657648,0.0286452167423732,0.100741551426491,0.0199876617866791,0.020588213829229,0.0229448561309867,0.0388557138241583,0.0368044132424473,0.0253131392542215,0.0195095855219893,0.0441608786811247,0.0237848602488453,0.0295404862256898
"44",0.402190273532381,0.0785100934103504,0.0286167913617565,0.0181219811957088,0.0193719182073637,0.0832470377488096,0.0172733443270689,0.0190020619794914,0.0270733514618663,0.106546995560757,0.0561291120318514,0.020380320430964,0.0169507100961105,0.0639291684328235,0.0178703859737787,0.0247864542489189
"45",0.412712717979781,0.0841119796919882,0.0280505934784404,0.0194711590603952,0.0207199897874183,0.0755823566429802,0.0178667077967916,0.019216048052832,0.0271943029767223,0.0989146553065894,0.0496305874232769,0.0211403014255952,0.0176416533666856,0.0623729230748096,0.0188566939658512,0.0265173299698425
"46",0.399553278286478,0.0826731902380106,0.0267588864695937,0.0197028062381875,0.0202440982321854,0.0828695134618321,0.0172013230002012,0.0182866887301629,0.0253521745208841,0.110587862509753,0.0476909537821058,0.020585425054522,0.0172807077998316,0.0659292148424405,0.0188132434405326,0.0264706333932787
"47",0.417489292142288,0.0831041195839836,0.0248194878608563,0.0187931421497293,0.0171479741017349,0.0594890263779793,0.0177829393752991,0.0193921553674011,0.0240307801268753,0.116029068387912,0.0546406393283497,0.0191506261350734,0.0172900554143868,0.0666125843297616,0.0184088627443058,0.0258192465740645
"48",0.429006220121327,0.0817348007523643,0.034018687798893,0.0217926724764675,0.0185166450467418,0.0773195306223132,0.0188067145630183,0.0211756398910735,0.0251484334109424,0.0619902983587063,0.0626690138821466,0.0215927962118498,0.0182863633603684,0.057530250142426,0.0215187943564488,0.0288931390049129
"49",0.405509213598528,0.111866980432118,0.0495261863330387,0.0272732158084374,0.0379099814312421,0.107059235145971,0.0204133262489744,0.0202101355926226,0.0267334280915093,0.0289545968490743,0.0277442494417153,0.0282876217798025,0.01983194024142,0.0361545262701059,0.0233386072785584,0.0291867554568812
"50",0.395868434706503,0.112562867194652,0.0460562200236636,0.0261418973255431,0.0391568815446265,0.113978138725399,0.0196174740128408,0.0190445747218392,0.0272758428767395,0.037596117489934,0.0258221468540446,0.0279714121398921,0.0192968460396828,0.038955573629778,0.0221998768349742,0.0284556958798868
"51",0.401654527711576,0.107743845353079,0.0443854467746249,0.0269318613342377,0.0364156207162914,0.112058822412539,0.0199124465926149,0.0197690902344716,0.0257850553297508,0.0373714623326325,0.0279738152788736,0.0272569293190375,0.0198832877175824,0.0407947743175704,0.0230921452999823,0.0289708692751357
"52",0.393611143029714,0.0667993181757347,0.0227019841683616,0.0176372350939319,0.0138919986984771,0.0742127185212423,0.0160550411129742,0.0182144616655086,0.0237354890504015,0.129449498865145,0.0696722795510517,0.0177660351059043,0.0161446565257381,0.0762275710372943,0.0179699792546591,0.0259105901438613
"53",0.428718986454477,0.0844971422541066,0.0313646188059345,0.0193138322656384,0.0194672426896093,0.0882681148895489,0.0213996647178122,0.021918204553667,0.0266856992372625,0.067666802355808,0.0605136837063913,0.0210761954043245,0.0183620643861351,0.0512394674493547,0.0171998041740403,0.0223084766558892
"54",0.432255906892555,0.215094587776202,0.0434481136574712,0.0347198396159047,0.040570533168093,0.0386521794766185,0.0359988260454861,0.0260991942852171,0.0128341989589956,0.00849134638452966,0.0123514408871275,0.0197742287126844,0.0286861629920496,0.01443900500089,0.0205505953122406,0.0160338408339355
"55",0.437943446097168,0.144453603410413,0.045955318897674,0.0257624171564064,0.0236726041962977,0.0917060279425699,0.0310694738554914,0.0231135505330153,0.0191684524553891,0.0190172392767428,0.0374489990580112,0.0233891565186775,0.0186668605142786,0.0240254618161386,0.0159605718572261,0.0186468164144996
"56",0.45542903291305,0.179915535999645,0.0275194748986141,0.028649855435128,0.0160564188389676,0.0727562344795556,0.0405660289791608,0.0215742551129985,0.0170752259207924,0.0156419743963057,0.0357580376927552,0.0169817567263304,0.0216060514096214,0.0206881169318839,0.0138108698939661,0.0159711303712249
"57",0.438774555545788,0.192926370129086,0.0342786669027076,0.0335324752182807,0.0174068818310428,0.0788009237194923,0.0414539640781422,0.0218526118187315,0.0138807882853355,0.00877386889583933,0.0304086847914053,0.0175494612861261,0.0220112529165221,0.0165955996762916,0.0154312333554008,0.0163226615498082
"58",0.555201364508609,0.0476970805960553,0.0284442712907007,0.0199577406951691,0.0195947014354191,0.0305383911542797,0.0193977252372683,0.0192832239029406,0.0211881466591985,0.0704544419396191,0.0283533724175402,0.0203560038709781,0.0164959095892984,0.0594050393859944,0.0180880891185694,0.0255444981983604
"59",0.409181033352794,0.0684409336861184,0.014516982966092,0.0186664920729508,0.0159003666627227,0.0395446006256878,0.0178427727263461,0.0212894046833071,0.0174752116206441,0.176770142917681,0.0423744633972179,0.0155891142876653,0.0203799295906604,0.0805246126370568,0.0188163087133171,0.0226876300597391
"60",0.371414034127466,0.00940946279804601,0.00917378511721587,0.0121637949484538,0.0203038295645104,0.0540842617561546,0.00902445792526072,0.0163304466702387,0.0295150190158626,0.223560954656637,0.0267079284431692,0.015122309092927,0.0184553967756893,0.141788540836072,0.0189406658153409,0.0240051124569555
"61",0.387346197127053,0.0110665279675895,0.0131628366550665,0.0111414344051251,0.0161097484659258,0.0544345391914215,0.00914090507988499,0.0160463871925773,0.0306018431777772,0.206205734370353,0.0419723914206526,0.0152019806116908,0.0156006840005321,0.13109908279326,0.0173648169353107,0.02350489060578
"62",0.404307422944295,0.112145541515937,0.0312361774285229,0.0323491084733805,0.0946928533901146,0.0806468934965077,0.027045698453474,0.0266743049003588,0.0292223677855294,0.0165386124005852,0.00821011336294692,0.0263103520490412,0.0392221764986368,0.0244152410523986,0.0262868515961987,0.0206962846520729
"63",0.340207089894336,0.041425568634786,0.0120161338051725,0.0189198537874449,0.0134183150783386,0.143938764969489,0.0174027989318834,0.0198074156495071,0.0150660344372162,0.162854447878522,0.0542577019116598,0.014107863733302,0.0203474823312131,0.0912147622376056,0.0168294052309506,0.0181863614885729
"64",0.470964635706735,0.245805624751447,0.0214555666374736,0.0256614534567933,0.0247987681511232,0.00805743388776069,0.0341878834370934,0.0263962709228914,0.00927163236503796,0.0304979479965973,0.0119538988797705,0.0134159250008925,0.0270677707440779,0.0200289245530897,0.01679491122443,0.0136413522847873
"65",0.403009457066805,0.324041401182547,0.0408049513167963,0.0308669782881192,0.0360439353670584,0.00883907556974804,0.0355139991900994,0.024522973251566,0.00696648904422733,0.00575194044407407,0.00631640222242177,0.0152126962250054,0.0246571755575656,0.00828048570373894,0.0171912418842997,0.0119807976859277
"66",0.426999180540237,0.120461116719917,0.0436800596972449,0.0181232688375244,0.0667684701117082,0.0535409344090413,0.0212207961348849,0.0205684081218143,0.0634914611628217,0.0273896842327775,0.0170633940076299,0.0342555111099412,0.0198229352636731,0.0247510045384223,0.0168730889544857,0.0249906861578768
"67",0.42176455941989,0.108877954182984,0.0441394133951174,0.0196560392971543,0.0412833004189504,0.0799464811270955,0.0200156035189098,0.0200647191002506,0.0430615611021448,0.0432853280519422,0.0298888900117136,0.0291310897688047,0.0185698914699151,0.0361874269285405,0.0182465935414877,0.0258811486650992
"68",0.423584479018844,0.132496626376447,0.0431305551430886,0.0218304969664859,0.0399200993478981,0.0589804670481199,0.0198898323024891,0.0205196725228111,0.0319587655434479,0.0518118166185229,0.0268557166531249,0.0220283531508799,0.0232419929930078,0.0389324486428388,0.021369413244055,0.0234492644279388
"69",0.391340736403793,0.0694225152733173,0.0276683340266872,0.0169835547793033,0.0266906969149049,0.0516015174150139,0.0140588708501552,0.0210792328987248,0.0281847428183181,0.14557695729963,0.0443619245367177,0.0165422953820661,0.0237059818609259,0.0762138121468525,0.0232554082988854,0.0233134190947046
"70",0.374246215209195,0.0680942716318704,0.0358811985920966,0.0185025432422738,0.0252761698435322,0.0995902747357893,0.0145716062808451,0.0199447330391286,0.0238919837525066,0.114568711201042,0.0496564125563692,0.0208252975029082,0.0183599150749806,0.0705571486674941,0.0214140719066836,0.0246194467632843
"71",0.401624582416805,0.104696117437611,0.053343458605122,0.0276562762584702,0.0314283977326839,0.138798958194207,0.0251435118789209,0.0250419959851714,0.0168425590042859,0.0225617103284907,0.0351794506438376,0.0239164796877903,0.0218257024112038,0.0312262917547481,0.0211149372336205,0.0195995704270317
"72",0.429797939152425,0.121924132372347,0.0455086994118004,0.0332234038563666,0.0419921347646425,0.0837750120651944,0.0251560345354097,0.0234212792220131,0.0232484773256089,0.0156072574673934,0.0208693958813543,0.0290880745332592,0.0235307495035183,0.0279798887303876,0.0256098718765591,0.0292676493017202
"73",0.420191728071104,0.119650505764576,0.0492320572701265,0.0277139203790657,0.0427964102577528,0.103757247257871,0.0261628623477098,0.0225016705381147,0.0304413134044458,0.0137291822124943,0.0235668708023999,0.0302533730328943,0.0212613170232434,0.0234858799261461,0.0203518421434217,0.024903819568634
"74",0.419154845940311,0.111711889637973,0.0484041154219554,0.0301995668079107,0.0456398834758666,0.102158656880643,0.0249564968881953,0.0226965393644567,0.0306720381688516,0.0123557972342132,0.0218333538028804,0.0313421336704025,0.0224688448606725,0.0246605546704978,0.0233186735686896,0.0284266096064807
"75",0.448992628370054,0.0977887876682849,0.0438517161201726,0.0277195439052763,0.0604887148960042,0.0492884255810906,0.0225074365421739,0.0277204924239922,0.0406149691655736,0.0141504225832518,0.0198917809771444,0.0268125509397663,0.0331233855139128,0.0279488611976976,0.0303172247841988,0.0287830593314057
"76",0.48162866033538,0.0833321043750569,0.0357931813822199,0.0229399390216558,0.0533638545669195,0.0454980761291449,0.0291719986904691,0.034348528351335,0.0490176260359666,0.0107881385194678,0.0259565976039246,0.0251652838386612,0.0361973695496089,0.0225589938160015,0.0233601795106169,0.0208794682735715
"77",0.468180379327706,0.092425405000986,0.0431733175293624,0.026101850266124,0.0460951699448952,0.0531315822301872,0.0262595366093946,0.0318303062694945,0.035030926217567,0.013637948068831,0.0291616433011465,0.0239251361028004,0.0338146571749584,0.027151700591515,0.0268986281601419,0.0231818132048893
"78",0.448486899038963,0.111215507676349,0.0471075333855907,0.0261291227446935,0.0465531939678194,0.0592107760645114,0.0240427002457883,0.0271297426904881,0.0318871235136145,0.0194139859268146,0.0262409625232771,0.0238680006189682,0.0298666771863836,0.0293825178543168,0.0258148293171816,0.0236504272452405
"79",0.397741978000222,0.107974179408487,0.0382900535686077,0.0290860106650574,0.0547166128595789,0.112983600208835,0.0210606842255311,0.0191384190389364,0.0357838351743394,0.0242149215136006,0.0163691565984319,0.0324301183862378,0.0219330480668499,0.0327232612761425,0.0235143609277363,0.0320397600814055
"80",0.39349814386598,0.0589202441863568,0.0510405013938387,0.0201085105429076,0.0373656708586602,0.110879089506974,0.0166266537326654,0.0284562637568569,0.0235374001602746,0.0590373237255368,0.0486769509877288,0.0231542861470236,0.0244638654444175,0.056697008485088,0.0259910199702837,0.0215470672354074
"81",0.39791457758946,0.0602529296105305,0.0507268020254712,0.0199614296173372,0.0383160076535637,0.105240920937441,0.016883999008615,0.0287659955459153,0.0240996889730498,0.0593733314079324,0.0474346068267029,0.0233415803764082,0.0246820704773053,0.0558349591611716,0.025760291440864,0.0214108093482319
"82",0.379558823238271,0.0469021237033573,0.0378898981508056,0.0168786148278831,0.0261342332129444,0.103289114326369,0.0148634758985165,0.0267028925558848,0.0228855767323403,0.0992473270365262,0.0666324272644217,0.0194988619442383,0.0223430291003893,0.073530576649238,0.023244006721371,0.0203990186374435
"83",0.373802754247898,0.0431690989730495,0.0263646344589547,0.0134003525836334,0.0137218038240137,0.0517216279022259,0.0138863033785556,0.025973255131345,0.0158100240912047,0.171584759935337,0.0950392987466067,0.0137121886192821,0.0192322288093395,0.0865424853845336,0.0192016137021255,0.0168375702118955
"84",0.380131700509227,0.0575033766971203,0.0446606631841983,0.0185620458790517,0.0313125353029387,0.110856897977662,0.0157136355331732,0.0265413367386345,0.0207441992619155,0.0884788680721957,0.0530527450488819,0.0207136161811158,0.0227249548858791,0.0653006922688181,0.0237669646769825,0.019935767782205
"85",0.442558893817727,0.0205886611939716,0.0393586577964746,0.0198318734061465,0.0312724236243983,0.156075749637762,0.0165724205417323,0.0241154123459276,0.0200709053944581,0.0470039422446426,0.0337556779292831,0.0213851609086193,0.0216141179901771,0.0655963342459109,0.0215989571479669,0.0186008117748027
"86",0.500538078806348,0.0296785975841062,0.0439588258883844,0.0221939104933079,0.0266135342247508,0.086971690998096,0.0197422595963765,0.0278366363941163,0.0134748308460495,0.0495656556685483,0.0349979255176233,0.0195812232307489,0.0226879745218892,0.0618200210967307,0.0227108980468636,0.0176279370860603
"87",0.451847289178932,0.0206134054871524,0.0408147556251266,0.01681113662192,0.0156400830919246,0.125545890876949,0.0165592012447242,0.0241865004111704,0.0146661218298985,0.0621474721371989,0.0696526530670799,0.0165810659585012,0.0177228841534633,0.0730391832060771,0.0183197097260169,0.0158526473838657
"88",0.45189654166743,0.0233102213553316,0.0476842542753564,0.0224892455395899,0.0266572982682386,0.149171760618658,0.0175287822155845,0.025400203605556,0.0146710109968332,0.0371854497941181,0.0384607719513157,0.0203605599366843,0.021477052525819,0.0615543965508025,0.0235234328505662,0.0186290178481154
"89",0.42317118221231,0.103705626427495,0.0484825890394388,0.0214471177924925,0.0382269243675586,0.0518469818578142,0.0176046267510675,0.025052946095495,0.0238722857923293,0.0670900898960807,0.0345442847466905,0.0195955403238094,0.0266396916583027,0.050017702929405,0.026436186247371,0.0222662238623393
"90",0.407057587397172,0.104828991527489,0.0582061879098122,0.0230404141701179,0.0689544734297878,0.064125919963548,0.0177180438396955,0.0246242864760698,0.0351810663906331,0.0333973471999191,0.0203138736235983,0.0254303128611834,0.0289642533211765,0.0356615457060405,0.0281967255111961,0.0242989706725606
"91",0.403861647046834,0.128259288337623,0.0699362441309748,0.0252597072512924,0.0704310590186203,0.0561596952878036,0.0188778103968066,0.0250142933683124,0.027023273951533,0.0240898078871726,0.0173511987837762,0.0249918911986919,0.028573888753228,0.0287924952703923,0.0286672828203009,0.0227104164966379
"92",0.404873895707903,0.0799931032287604,0.0439753789834264,0.0196586023394228,0.0323543034925815,0.0817115478529816,0.0166834919693908,0.0232182504443768,0.025319197861813,0.0813157156068794,0.0430979293289187,0.0230895313833329,0.0205914894325878,0.0574204667065039,0.0226882050322041,0.0240088906289168
"93",0.399939292109631,0.119856837503591,0.0494704240218436,0.0253046054928899,0.0595060264135678,0.0833747963984239,0.0186960383442713,0.0181452552593981,0.043940931513253,0.0239991324609374,0.0169163456029623,0.0345552436011912,0.0195083108399206,0.0300270208634892,0.0229706253107149,0.0337891142639147
"94",0.41590497990801,0.127071948921828,0.0515530365988074,0.0245094124773287,0.0713076861350087,0.0470255630616328,0.0183982970132661,0.0209907443113746,0.0460658108469739,0.0219164021550718,0.0150820527985486,0.0284753656842129,0.0263165248879655,0.028182420305379,0.0270054594862184,0.0301942954083737
"95",0.402698794684663,0.105345943131331,0.0451479155318711,0.0214532424346706,0.0474996865371045,0.0863272326047618,0.0174529940595787,0.0186881334905669,0.0411624227187788,0.0482455829562909,0.0246273868613577,0.0302725515820706,0.0188872283618709,0.0409113880384558,0.0212537092071597,0.0300257877994677
"96",0.418523557642161,0.123419957025657,0.0503733246928625,0.0245392740718844,0.0710929896987616,0.0455612308583276,0.0182518048948259,0.0211813803572056,0.0473379277320944,0.0218720517587347,0.0152844652944838,0.0285793424416047,0.0266424508767561,0.028757664762258,0.0275549707519617,0.0310276071404208
"97",0.372522827251591,0.0466474851020494,0.0187013425081511,0.0206419883974847,0.0220623965789294,0.0907811257115993,0.0147756800920769,0.0217173555263676,0.0208121606994932,0.140709099709845,0.0444915187429522,0.0182428274011556,0.0227473704657008,0.0940879415368945,0.024463212977635,0.0265956672980745
"98",0.426775142682954,0.0574953632282026,0.030297212727174,0.0153814126753735,0.065977176864365,0.0582005542558394,0.0188867772684834,0.0318466802225453,0.0535595625416648,0.0679298635557381,0.028128489211631,0.022094128889201,0.0357945088084522,0.0480578202153287,0.0221365848020019,0.0174387220510455
"99",0.32605876631722,0.0395890110433095,0.0202914889336492,0.017535312416776,0.0186252656389106,0.125064187153228,0.012827802307432,0.0200610945699824,0.0165458167155636,0.173584381440742,0.0537136636862957,0.0156838383030174,0.0199179966056524,0.0983362317370088,0.0213105501097454,0.0208545930214665
"100",0.424725369683366,0.100743632012569,0.0498217991820518,0.0206944647317088,0.0520596317499557,0.0918074104784077,0.0234461194494437,0.0244994587583936,0.0416472677169905,0.0238633898083481,0.0264331070791678,0.0305377525824995,0.0219887859280403,0.0275168913876142,0.0185928196855915,0.0216220997658518
"101",0.482863323048693,0.0746504659579102,0.030636412726674,0.0191534370957944,0.0481598466053873,0.0338004411583424,0.0224122714909301,0.0303269264830077,0.0613903717810467,0.0252484683460207,0.0308205575721793,0.0243174910883266,0.0327013956127182,0.0341698943847823,0.0240886687766572,0.0252600278715295
"102",0.43936434112522,0.135138924282178,0.0179843369691256,0.0445730332602347,0.0341754783460773,0.0970440695766186,0.0375177473747761,0.0220300512534809,0.0174861381443729,0.0146852836268542,0.0122670623044969,0.0258155835462046,0.0272800539330744,0.0262406869393907,0.021420289366125,0.0269769199517709
"103",0.455639249639316,0.148319441149627,0.0141322106625906,0.0410727334910312,0.0412159411295108,0.0561941990165095,0.0364521115580522,0.0225331412253833,0.0214599522263211,0.020920076198196,0.0095410273000114,0.0213692998015669,0.0352698813487256,0.0282838954911612,0.0226006690628389,0.0249961706991588
"104",0.478090083884172,0.0617683874673407,0.0232805872096967,0.0175911655632733,0.040795937599384,0.0202429478030455,0.0169335812958144,0.0283743503896054,0.0499243817647465,0.0655135080090238,0.0301346426145202,0.0253746637584242,0.0267607152500814,0.055902186128759,0.0263115207178695,0.0330013405442438
"105",0.444363423346032,0.13751739930664,0.04335330979824,0.0226031837812105,0.0275412238116285,0.0478295791913195,0.021687829328002,0.0218089119775986,0.0214905681415709,0.052836773260365,0.0338344711491023,0.0231313012410296,0.0186722183384766,0.0392651986264195,0.0198338857831103,0.024230722919255
"106",0.437338400798314,0.160111393694815,0.045367214900505,0.023087089304474,0.0296764141067114,0.0389031516794345,0.021312748623979,0.0217078305731204,0.0201858104316443,0.051257337000504,0.0298563849160682,0.018764769280831,0.022491037897176,0.037005738657002,0.0215207060195569,0.0214139721158643
"107",0.446817035926339,0.117507398664907,0.0256183766251328,0.0281625585440487,0.0759390007836609,0.050795824932488,0.0281610699359565,0.0248662778167817,0.0397248893301496,0.0194337842924942,0.00936937319265728,0.0325620014092562,0.0290280286088176,0.0244943551693707,0.0214661205288667,0.026053904239073
"108",0.468678990708035,0.136112803179927,0.0223444540669545,0.0261920591044424,0.0390326661991575,0.0333874922309795,0.027528134145681,0.0258464324621965,0.022946831608405,0.0501507018006585,0.0173670894185861,0.0191458064630181,0.0317546316661606,0.0372374129639412,0.0217212241797636,0.0205532698020932
"109",0.452412810623663,0.124887099746236,0.0218943789046013,0.0261889479614318,0.0626774871233061,0.0420487151064479,0.0266168829089731,0.0242709208850983,0.0375107364744407,0.0355734201233123,0.0114870620500331,0.0239266445910974,0.0336322438385669,0.0317617216390042,0.022008745026254,0.0231021829975348
"110",0.4052639528792,0.0606679223844121,0.0220892167189885,0.0204577507527403,0.0145395862532284,0.0646631563520196,0.015524882340412,0.0198136373209655,0.0220527123429187,0.113447474114109,0.0666379305542557,0.0181608275281729,0.0183351236783894,0.0844042687410259,0.022820936126912,0.0311206219122503
"111",0.439930432265566,0.0913758232875879,0.0231854787262311,0.0199250748375084,0.0156205602310421,0.0340017944523996,0.0184702319846826,0.0214002455002757,0.0184336448758501,0.118105776444771,0.0507924277636971,0.0174626179433045,0.018521024871006,0.0666324098569486,0.0201717779625745,0.0259706789965544
"112",0.438521333680486,0.0926465396641951,0.0224525238824202,0.024930774673791,0.0193270148669902,0.0938838440055265,0.0281019745149899,0.026001408729002,0.0171480946923754,0.0602490950913543,0.0472907968767153,0.0154371135527034,0.028222852844675,0.0497984755681981,0.0191174915885486,0.0168706657680289
"113",0.423241822504014,0.064809235733768,0.0175961778140455,0.0213821582448246,0.0144696930632291,0.0862523098130743,0.0245473846623967,0.0273137570515341,0.0154564020817529,0.0946588304180617,0.0668553666777829,0.012838590934472,0.0285046073857947,0.0672504209615146,0.0191131922355372,0.0157100504181979
"114",0.388222390525489,0.0521974260538509,0.0184515082486305,0.0201625906234023,0.0107344876801815,0.13668426259845,0.0228158268410358,0.0245345785958584,0.0132272730982555,0.0887166995983013,0.0883104328112791,0.0143034769417216,0.0204401150745525,0.0686149872282496,0.0163742217057587,0.0162097223749823
"115",0.44526745941034,0.093387918167089,0.0229295508496426,0.0240520656632147,0.0192690767919703,0.0840925700587681,0.02760038279782,0.0259238933068639,0.0186951076743674,0.0603053673396981,0.0490877385940359,0.0156965781793051,0.0276821354481987,0.0495170594959524,0.019050615636016,0.0174424805867176
"116",0.431319346683146,0.0232999297165959,0.0188497045555522,0.0236025796303716,0.0110217873990178,0.234813225974567,0.025902518396974,0.0207539144760768,0.0100111713446054,0.0375402689428939,0.0463129269277727,0.0146639042028639,0.018238184198043,0.0563078018845833,0.0138586407354422,0.0135040949314938
"117",0.433141173211431,0.0237189025765085,0.0190418922691995,0.0236866453682298,0.0120119770127739,0.22353463771849,0.0242297534376079,0.0199059674193708,0.0110939316509119,0.0427139363298115,0.0432396678975509,0.0153981179277837,0.018106579941522,0.0605620591408483,0.014608725170119,0.0150060329278418
"118",0.406552729711417,0.141227630557611,0.0510305938278926,0.0257337823674117,0.0545129259285367,0.0679864332041488,0.0198432565941631,0.0203880540447674,0.0304808171078238,0.0323303816873244,0.0183589360732159,0.024667967502639,0.0249197426594965,0.0323067944025514,0.0244911886372738,0.025168765693727
"119",0.418364115752476,0.108814097116341,0.0334519718318302,0.0209363628810571,0.0311721034666872,0.0582964793987943,0.0179978940769979,0.0200547591100217,0.0292965728400041,0.0850312424719599,0.0335113376608666,0.0195130933138315,0.0231367141369956,0.0537349888504899,0.0220703457769157,0.0246179213147314
"120",0.399469766643349,0.106957463181776,0.0427648861266987,0.0234241388235851,0.0337984840090562,0.108393084728898,0.0191580806853042,0.0190658347708887,0.0275653506984535,0.0519230672627667,0.0315575503865811,0.0260918657065903,0.018536570194151,0.0440196402003364,0.0205490131241856,0.0267252034573791
"121",0.371142931929343,0.0546609970694685,0.0178588320880403,0.015871765374441,0.0120004701854954,0.0652881321571506,0.0138646456191191,0.0168420480498999,0.0236999380646084,0.17180285527856,0.0722160367496769,0.0160579847930465,0.0153332933884836,0.0894433370919152,0.0175421718404322,0.0263745603203188
"122",0.383043283462096,0.067500007427353,0.0218398964840125,0.0165193352406338,0.0187375118690218,0.0763931798639012,0.0152361636608809,0.0172362401277859,0.0297817411221344,0.148684439021803,0.0515657114422278,0.0194036769083386,0.0163726284162293,0.0746517073592574,0.0172264250224584,0.0258080525718662
"123",0.369599188513253,0.0747773868979764,0.0221779594080587,0.0385983022522826,0.0586348974529987,0.184073686194737,0.0241258302260043,0.0213494685768957,0.0256072209869959,0.018072346137143,0.0112367938811982,0.0298088938045667,0.0295818154798387,0.0350177995341549,0.0271157700418468,0.030222640612049
"124",0.406398769899478,0.10505051384901,0.067671741479369,0.0207135077035514,0.0676298446364777,0.0753353972223168,0.0192067729032432,0.022709485481034,0.0477090610092674,0.0184837819515049,0.0213376297943187,0.034415754279764,0.0208007552233587,0.0249219715883076,0.021664449227886,0.0259505637511127
"125",0.406353707063494,0.113798357071211,0.0406874564404778,0.0193349447935958,0.0935212925712321,0.048993851121864,0.0187629844586251,0.0211032407045407,0.0650351622910959,0.0305755311165553,0.0120660733122252,0.029276001269688,0.0273700074868084,0.0274652952662192,0.0214077487395507,0.0242483462928167
"126",0.419656220823971,0.0918289853581545,0.0547843339714199,0.0188486102356675,0.0659128755235282,0.065855890684837,0.018515290536882,0.0230358138820435,0.0592244403357802,0.0251371698048349,0.0232972981411913,0.0342871627835566,0.0214080288413245,0.0294453086764422,0.0213227973474929,0.0274397730528742
"127",0.423931117893424,0.0470023825824368,0.0237651385946137,0.0143094991325103,0.036193823698211,0.0447979054443869,0.0164778121771299,0.030983218429069,0.0395952298991256,0.115323646920866,0.0471407624270053,0.0171602616060793,0.0326117845424449,0.0696027471146241,0.0228165489860003,0.018288120552073
"128",0.428629367803728,0.0681199219774577,0.034639016836749,0.0146428823960197,0.0282730288593145,0.0268888902506425,0.0148262836772009,0.0280935440806023,0.0276065842396488,0.122684304461632,0.0530934344447517,0.0158516315712249,0.0265943889841376,0.0662406093945081,0.0240925010914971,0.0197236099308855
