"","other","acidobacteria","actinobacteria","bacteroidetes","chloroflexi","firmicutes","gemmatimonadetes","nitrospirae","planctomycetes","proteobacteria","verrucomicrobia"
"NA.100",0.0394363850976204,0.146334363254432,0.297817499228971,0.0285260548991077,0.081196654423022,0.00113217861392029,0.0550725225982748,0.00316780451058894,0.159564559164426,0.143534039851101,0.0442179383585366
"NA.101",0.048428775122903,0.156851048596431,0.251251475532005,0.0376009750145152,0.0839950839390244,0.00138671247120761,0.0534607464859607,0.00486415059167162,0.161855818852945,0.156935820553183,0.0433693928401547
"NA.102",0.0353971596396869,0.0990075058429321,0.163545788973225,0.0526376721321411,0.00210910894028316,0.172019200290393,0.0286989855581529,5.57362591360236e-05,0.0744190177878594,0.346633854365683,0.0254759702105085
"NA.103",0.062243054335704,0.175986689621964,0.25661325755322,0.0325939983352856,0.0329198445305156,0.0158536500555416,0.0331540464833494,0.0065772161852071,0.0341621331498131,0.314593514916282,0.0353025948331184
"NA.104",0.0175659115136514,0.483588309317321,0.0584711310271334,0.00961029941746314,0.00678603157728857,0.010019468963217,0.00269433611977079,3.97239448993429e-05,0.00392184475702241,0.206630425569084,0.200672517793148
"NA.105",0.0200238053942984,0.425396938605096,0.0655615058106525,0.0273193278173653,0.00889561526419398,0.0118689256821138,0.00457080011087069,0.000116240502947451,0.00315442314815633,0.2334616421006,0.199630775563705
"NA.106",0.0170699400343799,0.408395327262674,0.0601379763784324,0.0193432369472949,0.0167060874736326,0.0733663960683923,0.00250473885156038,0.000157761164623096,0.00387025314214193,0.198481642943038,0.199966639733831
"X30_182",0.0526539397596668,0.0696617716555622,0.260416100310708,0.0528685187187388,0.120637644002082,0.00231972996418798,0.0363294736585961,0.00155630238197501,0.172120637179001,0.18865955824652,0.0427763241229625
"X30_180",0.0577435619681738,0.112664321350506,0.167286412776383,0.0767869127671029,0.0856080729791791,0.00223488601171921,0.0404004284696014,0.00113230360648424,0.19620932109649,0.20273840566859,0.0571953733057704
"X30_134",0.0469743326505057,0.0981606562016657,0.233697857830756,0.0482883812,0.120637486011481,0.00672998858935158,0.0333609112641285,0.00350730631296847,0.0990910988478287,0.274409441819691,0.035142539271624
"X30_66",0.0574925908989292,0.108507212664961,0.217836400459607,0.060501841597561,0.105285327341166,0.00282854969351576,0.0394674549740036,0.00104748365258775,0.112832334355086,0.264232076290898,0.0299687280716835
"X30_80",0.0501187235845925,0.15481661162903,0.186792610314872,0.0660145536356335,0.0847589514950625,0.00325269846008328,0.0462529222933968,0.00164122232992267,0.141160937031588,0.218937826933611,0.046252942292207
"X30_128",0.0614001334316477,0.142942765027186,0.164739040324509,0.0538858381964307,0.0826387066325402,0.000792998792385485,0.0345474416751338,0.00274378173652588,0.17415356823599,0.236835274179774,0.0453204517678763
"NA.110",0.0431563187915527,0.0599078439356336,0.228100424832897,0.0820453939298632,0.0604169376486615,0.00444010181915526,0.028356485987091,0.000538563929208804,0.126147978181618,0.337854163370196,0.0290357875741225
"X30_136",0.0464654919224271,0.0912895349779893,0.185691448825104,0.0688137001089827,0.0743269171170137,0.00537296932105889,0.0261512731794765,0.00223493500880428,0.146249720290006,0.321399345299227,0.0320046639499108
"X30_78",0.0614848933891137,0.149389789481202,0.170337587256098,0.0616888709788816,0.0702553153444973,0.00181083623926234,0.0481184393101725,0.00121714855889352,0.135138476319453,0.267960965452052,0.0325976776703748
"X30_72",0.0557982596979774,0.165165922928435,0.142942465045033,0.0789912616261154,0.0727158359633551,0.00274385373224271,0.0708492030129685,0.0021501160548483,0.145487921610886,0.231405038235039,0.0317501220930993
"X30_68",0.0430772544952409,0.167540849639441,0.192390026313742,0.052189617107912,0.0643189055130279,0.000793097786496133,0.0843348627249256,0.0025741158302796,0.154986496522249,0.194849454997561,0.0429453190691255
"X30_76",0.0428228566298632,0.122756463949375,0.240905361042415,0.0538010952379536,0.0741575511929209,0.00104743265562165,0.0659301026597858,0.00299826659672814,0.172968391744438,0.180855011554134,0.0417574667367638
"X30_70",0.037732639456752,0.181280691229625,0.151678391327841,0.0586364425737656,0.0454890727362879,0.000538563929208804,0.0708487390405711,0.00172601628536585,0.178057362991672,0.230896951462106,0.0431151289668055
"X30_74",0.0630907978507436,0.165675581607852,0.0938337296189173,0.104437307791493,0.0531224556115408,0.000793023790898275,0.0690687329365854,0.00181078624223676,0.132171239846103,0.289590218685842,0.026406126017787
"X30_124",0.0675070661183819,0.131747541052766,0.215035623083284,0.0431993329573468,0.0971424327777513,0.00367687222516359,0.0333605892832838,0.002743705741047,0.163127679187507,0.20706267640934,0.0353964811641285
"X30_82",0.0402740182651993,0.177634224165021,0.134885919344557,0.119364341753302,0.044556826197442,0.00554288221261154,0.0463373912681737,0.00291351863854848,0.1342073897116,0.272711470835277,0.0215720176082689
"X30_132",0.0552053729699583,0.140482615386258,0.24658859093605,0.0266599429177275,0.0979055373791791,0.00367694522082094,0.0504932990251636,0.00308293555960738,0.167199842926591,0.171950627293218,0.0367542903854253
"NA.124",0.0472592207019631,0.337259681737061,0.0260281975014872,0.0795250148720999,0.0535265615704937,0.0020296252230815,0.00727931290898275,0.00127966983938132,0.0387774390243902,0.267263845925045,0.139771430696014
"NA.125",0.0785073616894706,0.450502944675788,0.0225284057108864,0.0675257287328971,0.0115290600832838,0.000529714455681142,0.00227961035098156,0.000529714455681142,0.0342777067221892,0.24776500594884,0.084024747174301
"NA.126",0.0492591017251636,0.343509309934563,0.0262781826293873,0.0982738994646044,0.0187786287923855,0.00152965496728138,0.00527943188578227,0.00102968471148126,0.0497767846519929,0.274263429506246,0.132021891731112
"NA.127",0.0497590719809637,0.388256647828673,0.0222784205829863,0.0380274836406901,0.0500267697798929,0.00227961035098156,0.00552941701368233,0.00252959547888162,0.0477769036287924,0.241015407495538,0.152520672218917
"NA.128",0.0437594289113623,0.524498542534206,0.0180286734086853,0.046276992861392,0.00952917906008328,0.000279729327781083,0.00102968471148126,0.000279729327781083,0.0355276323616895,0.261514187983343,0.0592762195121951
"NA.129",0.0562586853063652,0.485250877453897,0.0217784503271862,0.046276992861392,0.00627937239738251,0.000529714455681142,0.00177964009518144,0.000279729327781083,0.0400273646638905,0.278763161808447,0.062776011302796
"X30_130",0.0544420823795955,0.198921700731767,0.245655395453659,0.0211474758650803,0.077464364464188,0.000793022790957763,0.0492211657068412,0.00410089799904819,0.144723077112968,0.137429842001666,0.0661009754942296
"X30_126",0.0336646624685901,0.231491082116121,0.250915004549316,0.0347180725239738,0.0605002946895895,0.00588206203414634,0.0532073995580607,0.0055427582199881,0.13513835332677,0.149133280741404,0.0398070297720405
"NA.148",0.059945187989173,0.11758500760934,0.201214062354729,0.0461685453131469,0.0834035071330756,0.000877843744794765,0.021741411530696,0.000623433880130874,0.130219567954848,0.30672628622796,0.0314951462621059
"X30_43",0.0430680130450327,0.147101403621713,0.209269853100119,0.0584668486632362,0.0906973862060678,0.00817202279994051,0.0420127945468174,0.00460976572552052,0.187898421528019,0.143535854743129,0.0651676360204045
"NA.149",0.0283825737102915,0.0303083578664485,0.237941602362165,0.141674029506722,0.0361606317033314,0.00808722784455681,0.00876496952439024,0.000284179063057704,0.0920547944512195,0.384082295169007,0.0322593387988102
"NA.150",0.0394292645212374,0.18000788695122,0.182213813716359,0.0535470053542534,0.0627069224130279,0.012412891502439,0.0230982768081499,0.00291334564883998,0.137766549970256,0.263382945807317,0.0425210973069007
"X30_46",0.0361951719236764,0.110968864216538,0.243451440571208,0.0632167680813206,0.075006720674182,0.00800240689071981,0.0373480790597858,0.00299828759547888,0.203759491922189,0.17848151375812,0.0405712553067817
"X30_48",0.0364605701346222,0.125980383152171,0.186961671257109,0.0963794971662701,0.0730546958039262,0.00825691874931588,0.0379408987917906,0.00223468702355741,0.156852515509161,0.235392045040274,0.0404861173718025
"X30_148",0.0392543559268888,0.105115384451398,0.275174520303688,0.0661851514864366,0.0799253950527067,0.0028286476876859,0.0306471677099941,0.000877868743307555,0.128267898063474,0.243620888490422,0.0281027220839976
"NA.151",0.0405339088038074,0.180940881445568,0.232424945558775,0.06236763859768,0.0608408634284949,0.00596698198209399,0.0248792948519334,0.00223488601171921,0.1186832612721,0.203840070128435,0.0672872679193932
"X30_112",0.0489284273976204,0.1462519761558,0.166521288295122,0.0604171866338489,0.0573638262841761,0.00588201203712076,0.0536320982919096,0.00291326965336109,0.22105900374069,0.191116503078108,0.0459144084322427
"X30_122",0.0425790271357526,0.170337420266032,0.18653663954307,0.0469298430220702,0.0501537922230815,0.00172599228679358,0.0422659434864961,0.0035918282845925,0.17635840006627,0.221563945700714,0.0579571679851279
"X30_104",0.0476668434516954,0.179073844519215,0.139633356910291,0.0502382401991077,0.048626588079417,0.00138663747566924,0.0443866093239738,0.00359190328013087,0.200445630070256,0.222328814197204,0.0626215324930399
"X30_106",0.0252709988239144,0.153884108105473,0.237851378729744,0.0355660440765021,0.0488817139014872,0.00155632638054729,0.0518499883130875,0.00359200427412255,0.213339252003688,0.179750153284295,0.0484580321071386
"NA.152",0.0972622249262938,0.081112863407912,0.318007272100238,0.0317498971064842,0.149561703253718,0.00545796426454491,0.0193666038126115,0.00189565619315883,0.0826381936630577,0.184929372162522,0.0280182491094587
"X30_92",0.0272168380621655,0.144468884235396,0.321397736394943,0.0279326592013682,0.0652511740505651,0.0011323526035693,0.0607566834365259,0.00681495453456276,0.15591812909762,0.146674193037299,0.0424363953459845
"NA.153",0.0501071682720405,0.105794853028495,0.224199155926948,0.0421821674704938,0.0924782772574063,0.00138671347114813,0.0194514247664485,0.0013019425143367,0.141585946746936,0.291035168722962,0.0304771818227841
"X30_116",0.0273859210030933,0.10502968155003,0.307741893807496,0.0369226193712076,0.0543105029323022,0.00113225360945866,0.042266709440928,0.00181076224366449,0.202229333954253,0.169234724867519,0.0519355972200476
"NA.154",0.0448480741457465,0.109951676730993,0.204268019668888,0.0926479411637716,0.0700014044501487,0.00325267346157049,0.0260673221738846,0.00147163241915526,0.118515322263117,0.301890426922606,0.027085506600119
"X30_108",0.036900679951636,0.140989647221951,0.286026476699762,0.0297131322775729,0.0559200941745985,0.00274375373819155,0.0430289020966092,0.00554263622724569,0.186533824710529,0.174745493021237,0.0378553598806663
"X30_98",0.0322286079022606,0.197139809739917,0.207996321864961,0.0504081770892326,0.0518498143234384,0.00147153142516359,0.0674565588479476,0.00579699409500297,0.160836234509994,0.187299175178346,0.0375167750237359
"X30_102",0.0464859337063058,0.190862253203926,0.198495518086199,0.0442159854747174,0.0472689258493754,0.00384626214782867,0.0404850744338489,0.00664526762956573,0.174151576354491,0.188060499885663,0.0594827032280785
"X30_84",0.0284053653543724,0.139380681942415,0.287469201869244,0.0387044833646639,0.0615194970552647,0.00511870944747174,0.0460834733742415,0.0046944376882213,0.172712075993159,0.182890154479536,0.0330219194314099
"NA.155",0.0307602022605592,0.201267772159429,0.071275505651398,0.216766850089233,0.0152788370017847,0.00452947650208209,0.0102791344437835,0.00452947650208209,0.0265281677572873,0.237515615704938,0.181268961927424
"NA.156",0.0702578524687686,0.263514069006544,0.0225284057108864,0.180519006543724,0.00802926829268293,0.00402950624628198,0.0160287923854848,0.0137789262343843,0.0407773200475907,0.306511511005354,0.0740253420582986
"NA.157",0.0507590124925639,0.306261525877454,0.0585262641284949,0.141521326591315,0.0212784800713861,0.00277958060678168,0.0170287328970851,0.0032795508625818,0.0272781231409875,0.174769348602023,0.196518054729328
"NA.158",0.11700507138608,0.221266582391434,0.0542765169541939,0.151270746579417,0.012529000594884,0.00977916418798334,0.0105291195716835,0.0162787775133849,0.0322778256989887,0.28926253718025,0.0855246579417014
"NA.159",0.107755621653777,0.266013920285544,0.0305279298036883,0.169769646044021,0.0130289708506841,0.00352953599048186,0.00852923854848305,0.0170287328970851,0.0282780636525877,0.269513712076145,0.0860246281975015
"NA.160",0.0307602022605592,0.236015704937537,0.0455270374776919,0.202267712671029,0.0157788072575848,0.00227961035098156,0.0157788072575848,0.00452947650208209,0.0255282272456871,0.212517102914932,0.209017311124331
"X30_118",0.0317217630554433,0.171778835513444,0.241413667802261,0.0387882563808447,0.050747404907912,0.00376144419381321,0.0303069969474123,0.00452472378483046,0.176187103257049,0.192388923379358,0.0583808807776324
"X30_96",0.030694588164069,0.148794312907258,0.268896442798691,0.0351416503245092,0.0722064692665675,0.00511873444598453,0.0309858265625223,0.00359200427412255,0.158547304682867,0.211813591768174,0.034209074805235
"X30_114",0.0324885194396193,0.187892472881916,0.262531789444259,0.0284409839601428,0.0501534462436645,0.00257409083176681,0.0373466891424747,0.00749316618643665,0.162362389716062,0.182294761900595,0.0464216902530636
"X30_90",0.0337489854520524,0.162704610356692,0.197903278319691,0.0493057426751933,0.0672012040395003,0.00231977996121356,0.0381955106444378,0.0042704629113028,0.182126962883284,0.210541873425164,0.0516815893314694
"X30_120",0.0318864482580011,0.201467459279655,0.189082405090541,0.0647418523511005,0.0452349318556216,0.000792973793872695,0.036584229502677,0.00537309331368233,0.160242912807852,0.209689430138667,0.0549042636083284
"X30_86",0.0338375181850684,0.164315074547055,0.24311147279655,0.0411639090486615,0.0648263483242713,0.00198047514711481,0.0347177995402142,0.00367669923545509,0.171098889964723,0.196460880130755,0.0448109330801309
"NA.167",0.0422595181439619,0.304011659726353,0.0255282272456871,0.200517816775729,0.0107791046995836,0.00852923854848305,0.0110290898274836,0.000529714455681142,0.0267781528851874,0.29001249256395,0.0800249851279001
"NA.168",0.0307602022605592,0.354758640690065,0.0450270672218917,0.116522813801309,0.00552941701368233,0.0177786882807852,0.00802926829268293,2.97441998810232e-05,0.0132789559785842,0.351508834027365,0.0567763682331945
"NA.169",0.0415095627602619,0.282012968471148,0.0300279595478882,0.182768872694825,0.0325278108268888,0.0392774092801904,0.00802926829268293,0.000279729327781083,0.0230283759666865,0.297012076145152,0.0635259666864961
"NA.170",0.051008997620464,0.33225997917906,0.0397773795359905,0.111023140987507,0.0877745240928019,0.0140289113622844,0.00802926829268293,0.0032795508625818,0.0242783016061868,0.272513533610946,0.0560264128494943
"NA.171",0.0647581796549673,0.348509012492564,0.0435271564544914,0.0635259666864961,0.0580262938726948,0.0130289708506841,0.0177786882807852,0.00577940214158239,0.0382774687685901,0.234515794170137,0.112273066627008
"NA.172",0.0392596966091612,0.33250996430696,0.0432771713265913,0.128522099940512,0.0102791344437835,0.00402950624628198,0.0120290303390839,0.00127966983938132,0.0315278703152885,0.266763875669244,0.130521980963712
"NA.173",0.0714943424857422,0.151278956278328,0.209517253425313,0.137235725602045,0.0407912901021388,0.0315267044311375,0.0375748311791301,0.00393027618633457,0.00748877164109683,0.230841915651352,0.0783199330173823
"NA.174",0.100923401712866,0.164255550830805,0.176731817714876,0.161996010318168,0.0405513378459159,0.0435690630489267,0.0266112490351208,0.00416597949053567,0.00655313524811858,0.209521428875533,0.0651210258791347
"NA.175",0.115168625241156,0.168745580516935,0.183873292480567,0.187995625220397,0.0337266913689361,0.0193797242424554,0.026618790372027,0.00340256189613441,0.00521388991819924,0.194241583917105,0.0616336348260872
"NA.176",0.0966677024199742,0.18249083273132,0.160917980795678,0.239532289117076,0.0262952822373482,0.0238982986889565,0.0276727037694203,0.00302090958564151,0.00622814109407441,0.16430751809509,0.0689683414654201
"X30_88",0.039265710251398,0.163383421972873,0.216647493190006,0.0414178709399762,0.0640634707093397,0.00206524610392623,0.0440473045098751,0.00308316054622249,0.18577364793492,0.206807519589114,0.0334451542523498
"X30_100",0.0422418141972041,0.175764430402677,0.179582482259369,0.0549022577276621,0.0553267044765021,0.00503369250529447,0.0233521427051755,0.00342226437227841,0.189842195889114,0.210963426346163,0.0595685891185604
"X30_110",0.0257737149163593,0.153799121161511,0.250576455690244,0.0558367641320642,0.0435391797392029,0.00189558119762046,0.0329369534861987,0.00299816460279595,0.188572615418917,0.20061720686282,0.0434542427922665
"X24_cp14",0.0968062730517549,0.115622867340869,0.0477769036287924,0.239640489292088,0.0221034309934563,0.0212784800713861,0.0062293753718025,0.00427949137418204,0.0562763979773944,0.306586506543724,0.0833997843545509
"X24_cp15",0.147728243604997,0.223441453004164,0.128947074657942,0.0617760707911957,0.0603511555621654,0.0402023542534206,0.0185786406900654,0.00457947352766211,0.0411023007138608,0.20549252082094,0.0678007123735871
"X24_cp13",0.16212738697204,0.276438300118977,0.116547812314099,0.0310279000594884,0.0374775163593099,0.0128039842355741,0.0455770345032719,0.00102968471148126,0.0383274657941701,0.208567337894111,0.0700755770374777
"X24_cp17",0.170701876859013,0.0618010693039857,0.0185786406900654,0.0902493768590125,0.0972239619274241,0.0301779506246282,0.0197285722784057,0.00277958060678168,0.0199535588935158,0.45900243902439,0.0298029729327781
"X24_cp12",0.20339993158834,0.1227974405116,0.0669007659131469,0.129197059785842,0.0275281082688876,0.0377525,0.0118540407495538,0.016778747769185,0.0414022828673409,0.265463953004164,0.0769251695419393
"X24_cp16",0.124329635633551,0.118497696311719,0.110748157346817,0.158970288518739,0.016628756692445,0.0053794259369423,0.016853743307555,0.00480446014277216,0.0573513340273647,0.273713462224866,0.112723039857228
"X24_cp11",0.182301186793575,0.133171823319453,0.0609261213563355,0.114497934265318,0.0266031632956573,0.0205535232004759,0.0104291255205235,0.0170287328970851,0.0539265377751339,0.273963447352766,0.106598404223676
"X24_cp9",0.132329159726353,0.202592693337299,0.07997498810232,0.0859246341463415,0.0196285782272457,0.0117790452111838,0.0273781171921475,0.00125467132659131,0.050401747471743,0.312736140690065,0.0760002245687091
"X24_cp19",0.214149292088043,0.125722266508031,0.0422272337894111,0.0970489723378941,0.0267281558596074,0.0273031216537775,0.012628994646044,0.029427995240928,0.0612261035098156,0.278088201963117,0.0854496624033314
"X24_cp18",0.188125840273647,0.174194382807852,0.118922671029149,0.0863246103509816,0.0203035380725758,0.0270031395002974,0.03782749553837,0.0049794497323022,0.041927251635931,0.182443892028554,0.117947729030339
"X24_cp26",0.15837761005354,0.217791789113623,0.0599511793575253,0.0871745597858418,0.0149538563355146,0.00430448988697204,0.0155538206424747,0.00260459101725164,0.0584762671029149,0.281313010113028,0.0994988265913147
"X24_cp47",0.130154289113623,0.0815248958953004,0.0356526249256395,0.181468950029744,0.0257282153480071,0.0249282629387269,0.0103541299821535,0.00500444824509221,0.062826008328376,0.369307775133849,0.0730504000594884
"X24_cp20",0.147553254015467,0.221291580904224,0.0911243248066627,0.0890244497323022,0.0177036927424152,0.0138539217727543,0.0271781290898275,0.00150465645449137,0.0408273170731707,0.233390861094587,0.116547812314099
"X24_cp8",0.174701638905413,0.12192249256395,0.07960001041047,0.104248544021416,0.0281530710886377,0.0192286020226056,0.0182036629982153,0.0139289173111243,0.0568763622843545,0.268463774538965,0.114672923854848
"X24_cp48",0.147103280785247,0.16352001784652,0.104623521713266,0.0886244735276621,0.0306029253420583,0.0163287745389649,0.0282280666270077,0.0143038950029744,0.0590262343842951,0.260089272754313,0.0875495374776919
"X24_cp21",0.133454092801904,0.101098731409875,0.0650508759666865,0.116372822724569,0.0218034488399762,0.0716504833432481,0.0155288221296847,0.0157538087447948,0.0540515303390839,0.318910773349197,0.0863246103509816
"X24_cp25",0.170676878346223,0.112748038370018,0.117597749851279,0.0947741076740036,0.0234283521713266,0.058751250743605,0.0381024791790601,0.0103041329565735,0.0345776888756692,0.268913747769185,0.0701255740630577
"X24_cp7",0.174926625520524,0.107748335812017,0.0619260618679357,0.178394132956573,0.0175037046400952,0.0312028896490184,0.00687933670434265,0.0201035499702558,0.0473769274241523,0.281113022010708,0.0728254134443784
"X24_cp49",0.115980132361689,0.107298362581797,0.0390524226650803,0.16414498066627,0.0238283283759667,0.0343527022605592,0.0156788132064247,0.016703752230815,0.054601497620464,0.37488244348602,0.0534765645449137
"X24_cp10",0.163902281380131,0.166169860202261,0.0735253718024985,0.0791750356930399,0.0536015571088638,0.0353526427721594,0.0432021757882213,0.016803746281975,0.0356026279000595,0.29073744943486,0.041927251635931
"X24_cp24",0.139353741820345,0.16244508179655,0.0658758268887567,0.143946182331945,0.0338277334919691,0.00440448393813206,0.0277780933967876,0.0181286674598453,0.0538765407495538,0.253514663890541,0.0968489842355741
"X24_cp6",0.182676164485425,0.174569360499703,0.0597761897679952,0.137546563057704,0.0216034607376562,0.0268281499107674,0.0272281261154075,0.0108790987507436,0.0399523691255205,0.223816430696014,0.0951240868530637
"X24_cp22",0.129304339678763,0.192043320939917,0.0876495315288519,0.137121588340274,0.0277530948839976,0.0181036689470553,0.0229783789411065,0.00165464753123141,0.0450270672218917,0.268713759666865,0.0696506023200476
"X24_cp23",0.136078936644854,0.190243428019036,0.114022962522308,0.0605511436644854,0.0297779744199881,0.0309029074955384,0.033727739440809,0.0054044244497323,0.0551264663890541,0.24851496133254,0.0956490556216538
"X24_cp46",0.151103042831648,0.138246521415824,0.084074744199881,0.131896899167162,0.0175787001784652,0.0117290481856038,0.0277030978584176,0.0108041032123736,0.0590262343842951,0.263464071980964,0.104373536585366
"X24_cp27",0.11902995092207,0.171469544913742,0.0869745716835217,0.116447818262939,0.0183536540749554,0.0110790868530637,0.0115540585960738,0.0062293753718025,0.0718754699583581,0.270888630279595,0.116097839083879
"X24_cp45",0.148003227245687,0.119347645746579,0.0844247233789411,0.130721969066032,0.0216034607376562,0.0262031870910173,0.0158538027959548,0.0174287091017252,0.0518766597263534,0.313011124330756,0.071525490779298
"X24_cp28",0.247072333432481,0.108923265913147,0.0830498051754908,0.138346515466984,0.0257782123735871,0.012379009518144,0.0154288280785247,0.0101041448542534,0.050276754907793,0.20611748364069,0.102523646638905
"X24_cp5",0.11818000148721,0.222641500594884,0.118272709696609,0.0872745538370018,0.0242783016061868,0.0132289589530042,0.0272531246281975,0.00102968471148126,0.0540765288518739,0.250189861689471,0.0835747739440809
"X24_cp44",0.155227797441999,0.12119753569304,0.0697255978584176,0.129797024092802,0.0322278286734087,0.0147038712076145,0.0242533030933968,0.0120790273646639,0.0643759161213563,0.301161829268293,0.0752502691850089
"X24_cp29",0.0843570136823319,0.0912243188578227,0.104148549970256,0.188193549970256,0.0136039366448543,0.0724754342653183,0.00525443337299227,0.000129738251041047,0.0479768917311124,0.388981604699584,0.00365452855443189
"X24_cp4",0.196025370315288,0.126247235276621,0.0450770642474717,0.128347110350982,0.0370775401546698,0.0142288994646044,0.0117790452111838,0.0220284354550863,0.0593012180249851,0.280588053242118,0.0793000282569899
"X24_cp50",0.113105303390839,0.174869342653183,0.0744503167757287,0.170369610350982,0.024953261451517,0.0118540407495538,0.0238283283759667,0.00602938726948245,0.046276992861392,0.227616204640095,0.126647211481261
"X24_cp30",0.114080245389649,0.16227009220702,0.104323539559786,0.0902243783462225,0.0256282212968471,0.0132789559785842,0.0353026457465794,0.00402950624628198,0.0448270791195717,0.269288725461035,0.136746610648424
"X24_cp43",0.186850916121356,0.106898386377156,0.0789750475907198,0.130846961629982,0.025078254015467,0.0140289113622844,0.0220034369422963,0.0213534756097561,0.0491768203450327,0.298137009220702,0.0666507807852469
"X24_cp3",0.166952099940512,0.133571799524093,0.0873495493753718,0.106873387864366,0.0343027052349792,0.0287530353955979,0.0174537076145152,0.0232033655562165,0.0554764455681142,0.275788338786437,0.0702755651397978
"X24_cp2",0.153327910469958,0.166894817073171,0.0834747798929209,0.0792250327186199,0.0268031513979774,0.0234783491969066,0.0449020746579417,0.0174537076145152,0.0553514530041642,0.275138377453897,0.0739503465199286
"X24_cp51",0.166952099940512,0.106148430993456,0.0916492935752528,0.0984988860797145,0.0219284414039262,0.0543515124925639,0.0374775163593099,0.0164287685901249,0.0350776591314694,0.309386339976205,0.0621010514574658
"X24_cp75",0.114330230517549,0.141796310232005,0.0967989872099941,0.126322230814991,0.0231533685306365,0.0240533149910767,0.0151538444378346,0.0101041448542534,0.0633009800713861,0.294362233789411,0.0906243545508626
"X24_cp1",0.0858319259369423,0.144421154074955,0.130971954193932,0.105648460737656,0.0176286972040452,0.00335454640095181,0.0150788488994646,0.000404721891731112,0.075475255800119,0.299261942296252,0.12192249256395
"X24_cp31",0.183951088637716,0.16386999702558,0.0906243545508626,0.101398713563355,0.0236033417608566,0.0181786644854253,0.0147038712076145,0.0151788429506246,0.0569763563355146,0.218641738548483,0.112873030933968
"X24_cp42",0.140828654074955,0.226866249256395,0.132046890243902,0.0536765526472338,0.0152288399762046,0.0105791165972635,0.0143538920285544,0.00267958655562165,0.0450020687091017,0.237715603807258,0.12102254610351
"X24_cp76",0.174651641879833,0.117647746876859,0.0761502156454491,0.111023140987507,0.0194535886377156,0.0917992846519929,0.0350276621058894,0.012578997620464,0.0362525892325996,0.242115342058299,0.0832997903033908
"X24_cp52",0.162702352766211,0.128272114812612,0.0583512745389649,0.158395322724569,0.0260281975014872,0.00855423706127305,0.00880422218917311,0.00667934860202261,0.0529515957763236,0.234765779298037,0.154495554729328
"X24_cp41",0.198750208209399,0.110073197501487,0.0773501442593694,0.148145932480666,0.0289780220107079,0.0221784265318263,0.0130289708506841,0.0112540764425937,0.0437271445568114,0.236990646936347,0.109523230220107
"X24_cp77",0.113180298929209,0.148345920582986,0.0949240987507436,0.0855746549672814,0.0180036748958953,0.0310778970850684,0.0259532019631172,0.0113540704937537,0.0566263771564545,0.264064036287924,0.150895768887567
"X24_cp40",0.15860259666865,0.117822736466389,0.12022259369423,0.155295507138608,0.0300529580606782,0.0146288756692445,0.00822925639500298,0.0101791403926234,0.0449520716835217,0.266063917311124,0.0739503465199286
"X24_cp32",0.176376539262344,0.135171704342653,0.0578013072575848,0.101398713563355,0.0299779625223082,0.0192036035098156,0.0284780517549078,0.0189786168947055,0.0610761124330756,0.296112129684711,0.075425258774539
"X24_cp74",0.130254283164783,0.151220749553837,0.0623260380725759,0.105923444378346,0.0198535648423557,0.00450447798929209,0.0140539098750744,0.00727931290898275,0.0596511972040452,0.310486274538965,0.134446747471743
"X24_cp39",0.136653902439024,0.136621618084474,0.0526266151100535,0.16496993158834,0.0369775461035098,0.0186286377156454,0.0204285306365259,0.00845424301011303,0.0468269601427722,0.304086655264723,0.0737253599048186
"X24_cp78",0.0906816374182035,0.208367349791791,0.156570431290898,0.0594012120761451,0.0241283105294468,0.0174787061273052,0.0146288756692445,0.00130466835217133,0.0701505725758477,0.274963387864366,0.0823248483045806
"X24_cp37",0.11880496430696,0.1620701041047,0.0403023483045806,0.131496922962522,0.0220534339678763,0.0177536897679952,0.029352999702558,0.0192036035098156,0.0619760588935158,0.295337175788221,0.101648698691255
"X24_cp38",0.11763003420583,0.140171406900654,0.109898207911957,0.132046890243902,0.0260281975014872,0.0289280249851279,0.0164037700773349,0.00647936049970256,0.0524766240333135,0.285812742415229,0.084124741225461
"X24_cp33",0.206049773944081,0.125047306662701,0.0304279357525283,0.149120874479477,0.0214284711481261,0.0191786049970256,0.0146538741820345,0.0175287031528852,0.0438021400951814,0.277738222784057,0.0950240928019036
"X24_cp56",0.168402013682332,0.128147122248662,0.0694006171921475,0.0987738697204045,0.0370275431290898,0.0148538622843546,0.0198535648423557,0.012454005056514,0.0613510960737656,0.279513117192148,0.110223188578227
"X24_cp53",0.145678365556217,0.12374738399762,0.0636259607376562,0.116297827186199,0.0207035142772159,0.0142288994646044,0.0298279714455681,0.0269531424747174,0.0711255145746579,0.296287119274242,0.0915243010113028
"X24_cp54",0.110105481856038,0.115147895597858,0.0804749583581202,0.118647687388459,0.0332777662105889,0.0382274717430101,0.024953261451517,0.0109040972635336,0.0598511853063653,0.326535319750149,0.0818748750743605
"X24_cp36",0.125379573170732,0.159295269185009,0.110723158834027,0.0826248304580607,0.0298779684711481,0.00967917013682332,0.0315528688280785,0.00970416864961332,0.058801247769185,0.300111891731112,0.0822498527662106
"X24_cp73",0.153077925342058,0.196118078524688,0.0820748631766805,0.0705005517549078,0.0199535588935158,0.00485445716835217,0.0186036392028554,0.00275458209399167,0.0535265615704937,0.313486096073766,0.0850496861986913
"X24_cp79",0.0997061005353956,0.129497041939322,0.211717150505651,0.0866495910172516,0.0254532317073171,0.0144038890541344,0.016803746281975,0.0103041329565735,0.0657258358120166,0.258814348602023,0.0809249315883403
"X24_cp103",0.139503732897085,0.243415264723379,0.071425496728138,0.100998737358715,0.0227533923259964,0.00532942891136228,0.0198535648423557,0.00182963712076145,0.0623260380725759,0.234190813503867,0.0983738935157644
"X24_cp55",0.176776515466984,0.0766001888756692,0.0328777900059488,0.156120458060678,0.0312278881618084,0.0200535529446758,0.0157788072575848,0.0120040318262939,0.0527016106484236,0.379957141582391,0.0459020151695419
"X24_cp57",0.127929421475312,0.0950240928019036,0.0375275133848899,0.149470853658537,0.0409773081499108,0.0159537968471148,0.0179786763831053,0.0141789024390244,0.0535265615704937,0.353683704640095,0.0937491686496133
"X24_cp72",0.162977336406901,0.109048258477097,0.0941991418798334,0.143871186793575,0.0278030919095776,0.0361525951814396,0.0262031870910173,0.0150038533610946,0.0426522085068412,0.287212659131469,0.0548764812611541
"X24_cp102",0.154802822724569,0.142771252230815,0.0357776174895895,0.117547752825699,0.020778509815586,0.0147288697204045,0.0161787834622249,0.0118290422367638,0.0607511317668055,0.307086476799524,0.117747740928019
"X24_cp35",0.104830795657347,0.137171585365854,0.128022129684711,0.118672685901249,0.0284030562165378,0.0177536897679952,0.0183286555621654,0.0137789262343843,0.0649008848899465,0.269813694229625,0.0983238964901844
"X24_cp34",0.172826750446163,0.168019750148721,0.0496267935752528,0.125322290303391,0.0277030978584176,0.0261781885782272,0.0151288459250446,0.0143788905413444,0.0481768798334325,0.24764001338489,0.104998499405116
"X24_cp70",0.131954182034503,0.190068438429506,0.119247651695419,0.0680007004759072,0.0145788786436645,0.0195785812016657,0.0220284354550863,0.0020296252230815,0.0515266805472933,0.265838930696014,0.115147895597858
"X24_cp104",0.154777824211779,0.16526991374182,0.0563513935157644,0.0748002959547888,0.0279030859607377,0.0087542251635931,0.0385524524092802,0.0201785455086258,0.0608761243307555,0.316610910172516,0.0759252290303391
"X24_cp58",0.0895567043426532,0.139371454491374,0.227766195716835,0.0679757019631172,0.0147038712076145,0.0186786347412255,0.0177036927424152,0.00192963117192148,0.0612761005353956,0.238365565139798,0.12267244794765
"X24_cp71",0.100481054431886,0.173869402141582,0.0784250803093397,0.117847734979179,0.0153538325401547,0.00857923557406306,0.0120040318262939,0.00647936049970256,0.0648508878643664,0.309311344437835,0.112798035395598
"X24_cp80",0.181851213563355,0.176544243010113,0.0428271980963712,0.0769251695419393,0.0217784503271862,0.0139789143367043,0.0154538265913147,0.0173787120761452,0.0690256395002975,0.24706504759072,0.137171585365854
"X24_cp69",0.16217738399762,0.318385804580607,0.111423117192148,0.0284030562165378,0.0396023899464604,0.0569513578227246,0.00445448096371208,0.000379723378941106,0.0449520716835217,0.196868033908388,0.0364025803093397
"X24_cp105",0.130654259369423,0.213717031528852,0.0448270791195717,0.0951490853658537,0.0227783908387864,0.0175537016656752,0.0214534696609161,0.00870422813801309,0.058801247769185,0.295237181737061,0.0911243248066627
"X24_cp81",0.213199348602023,0.103223604997026,0.0464769809637121,0.130546979476502,0.0319028480071386,0.0140289113622844,0.0136039366448543,0.0258032108863772,0.0637259547888162,0.295412171326591,0.0620760529446758
"X24_cp82",0.145628368530637,0.130321992861392,0.025278242117787,0.186893627305176,0.112148074063058,0.0173787120761452,0.00777928316478287,0.00270458506841166,0.0374525178465199,0.298561983938132,0.0358526130279595
"X24_cp59",0.128854366448543,0.154845533908388,0.177744171624033,0.0371775342058299,0.0302279476502082,0.0199285603807258,0.0489268352171327,0.0108790987507436,0.0523266329565735,0.191593347709697,0.147495971148126
"X24_cp60",0.111880376264129,0.101498707614515,0.0254032346817371,0.148070936942296,0.0329777840571089,0.00602938726948245,0.0112790749553837,0.00460447204045211,0.0750002840571089,0.418379855740631,0.0648758863771565
"X24_cp63",0.115530159131469,0.105498469660916,0.0357776174895895,0.155145516061868,0.083849757584771,0.0223784146341463,0.0278780874479477,0.00862923259964307,0.0471769393218322,0.353083740333135,0.0450520657346817
"X24_cp101",0.135503970850684,0.175269318857823,0.0576263176680547,0.127722147531231,0.016728750743605,0.0156038176680547,0.0128539812611541,0.00705432629387269,0.0521516433670434,0.28816260261749,0.111323123140988
"X24_cp100",0.220273927721594,0.113722980368828,0.050451744497323,0.083849757584771,0.0969489782867341,0.0231283700178465,0.0271781290898275,0.0248532674003569,0.0392524107674004,0.286162721594289,0.0341777126710291
"X24_cp133",0.130404274241523,0.0550014738251041,0.075450257287329,0.151520731707317,0.0809499301011303,0.0527766061867936,0.0131039663890541,0.000779699583581202,0.0358776115407496,0.371532642772159,0.0326028063652588
"X24_cp83",0.11852998066627,0.147095994943486,0.0761252171326591,0.135271698393813,0.0239783194527067,0.0149538563355146,0.0142788964901844,0.00615437983343248,0.0523266329565735,0.300761853063653,0.110523170731707
"X24_cp106",0.128554384295062,0.131371930398572,0.0652008670434265,0.135371692444973,0.0196785752528257,0.0132039604402142,0.0219534399167162,0.00930419244497323,0.058626258179655,0.328510202260559,0.088224497323022
"X24_cp62",0.20402489440809,0.124297351279001,0.0651008729922665,0.092274256395003,0.0181286674598453,0.0362525892325996,0.0221284295062463,0.0221534280190363,0.0441521192742415,0.267713819155265,0.103773572278406
"X24_cp108",0.148478198988697,0.158845295954789,0.170869580606782,0.0654508521713266,0.03767750446163,0.0241283105294468,0.0329777840571089,0.00477946162998215,0.0593512150505651,0.203442642772159,0.0939991537775134
"X24_cp107",0.134079055621654,0.143471210588935,0.0905493590124926,0.0920992668054729,0.0258282093991672,0.00652935752528257,0.0111790809042237,0.00645436198691255,0.0599511793575253,0.250989814098751,0.178869104699584
"X24_cp220",0.131679198393813,0.125822260559191,0.127447163890541,0.157845355443189,0.0236533387864366,0.0300529580606782,0.0127789857227841,0.00632936942296252,0.0435771534800714,0.224591384592504,0.116222831647829
"X24_cp99",0.170476890243902,0.109573227245687,0.0328777900059488,0.149545849196907,0.0221784265318263,0.0134789440809042,0.0138289232599643,0.0118540407495538,0.054476505056514,0.307736438132064,0.113972965496728
"X24_cp67",0.150278091909578,0.141796310232005,0.0929992132659131,0.134546741522903,0.0468019616299822,0.03782749553837,0.0156788132064247,0.0112040794170137,0.0476519110648424,0.283262894110648,0.03795248810232
"X24_cp132",0.189850737656157,0.110473173706127,0.0355276323616895,0.112123075550268,0.0214534696609161,0.0269281439619274,0.0187286317668055,0.0259532019631172,0.0596511972040452,0.323585495240928,0.075725240928019
"X24_cp98",0.125104589530042,0.136571621058894,0.0401023602022606,0.170244617787032,0.0223784146341463,0.0150038533610946,0.0142788964901844,0.0119540348007139,0.0536765526472338,0.310036301308745,0.100648758179655
"X24_cp96",0.100581048483046,0.178194144854253,0.135571680547293,0.104098552944676,0.0204785276621059,0.00387951516954194,0.00662935157644259,0.00205462373587151,0.0655758447352766,0.195943088935158,0.186993621356336
"X24_cp109",0.120904839381321,0.191593347709697,0.131146943783462,0.0624510306365259,0.020953499405116,0.0492018188578227,0.0243033001189768,0.00950418054729328,0.0436771475312314,0.24604010856633,0.100223783462225
"X24_cp61",0.186700925044616,0.105923444378346,0.0282530651397977,0.135646676085663,0.0363775817965497,0.029203008625818,0.0172287209994051,0.0164287685901249,0.0517516671624033,0.338559604402142,0.0539265377751339
"X24_cp84",0.178351421772754,0.124447342355741,0.110348181142177,0.084149739738251,0.0256282212968471,0.0176036986912552,0.00735430844735277,0.00825425490779298,0.0618010693039857,0.268938746281975,0.113123016061868
"X24_cp97",0.0989561451516954,0.219291699881023,0.119122659131469,0.054451506543724,0.0398273765615705,0.0115040615704938,0.0372525297441999,0.00717931885782272,0.0516266745984533,0.259889284651993,0.100898743307555
"X24_cp134",0.0985811674598454,0.105398475609756,0.0525266210588935,0.201967730517549,0.012504002082094,0.00552941701368233,0.0137289292088043,0.00532942891136228,0.0581512864366449,0.339259562760262,0.107023378941106
"X24_cp66",0.115905136823319,0.155295507138608,0.0779001115407496,0.115622867340869,0.0354776353361095,0.0247532733491969,0.0212034845330161,0.0158788013087448,0.0495018010113028,0.28896255502677,0.0994988265913147
"X24_cp131",0.114855199286139,0.136446628494943,0.0830998022010708,0.136021653777513,0.0300279595478882,0.0105791165972635,0.00715432034503272,0.00467946757882213,0.075450257287329,0.33198499553837,0.0697005993456276
"X24_cp95",0.115330171029149,0.169644653480071,0.132221879833432,0.0783250862581796,0.0305029312908983,0.0145288816180845,0.00847924152290303,0.0049544512195122,0.0780251041046996,0.229316103509816,0.138671496133254
"X24_cp65",0.130029296549673,0.109248246579417,0.0813249077929804,0.192393300118977,0.0192286020226056,0.0315778673408685,0.0142039009518144,0.0104541240333135,0.0320778375966687,0.254139626710291,0.125322290303391
"X24_cp85",0.15985252230815,0.115697862879239,0.0557514292088043,0.16559489440809,0.0214034726353361,0.016878741820345,0.016778747769185,0.0132039604402142,0.0493018129089827,0.301936783164783,0.0835997724568709
"X24_cp64",0.136803893515764,0.100673756692445,0.110948145449137,0.152695661808447,0.0326528033908388,0.00970416864961332,0.0160287923854848,0.0104541240333135,0.0514016879833432,0.307961424747174,0.0706755413444378
"X24_cp94",0.187850856632957,0.0960240333135039,0.0328777900059488,0.218941720701963,0.0362775877453896,0.016928738845925,0.00890421624033313,0.0110040913146936,0.0330277810826889,0.281163019036288,0.0770001650803093
"X24_cp135",0.120954836406901,0.235290748066627,0.125297291790601,0.0520516493158834,0.0242533030933968,0.00810426383105294,0.0111540823914337,0.00197962819750149,0.0751252766210589,0.245365148720999,0.100423771564545
