"samples","other","acidobacteria","actinobacteria","bacteroidetes","chloroflexi","firmicutes","gemmatimonadetes","nitrospirae","planctomycetes","proteobacteria","verrucomicrobia"
"ram_samp_61",0.0845760112650892,0.0331163947672131,0.0621982899159929,0.0948081526729852,0.0311617100113116,0.0100892548379335,0.0095171519825476,0.000220480582527856,0.00165073772099243,0.672632036612674,2.97796307325789e-05
"ram_samp_62",0.0872582551108978,0.0500472447733034,0.156896543606479,0.0805756158684966,0.0608139470791974,0.0135222293558402,0.0128407925010368,0.000711216485535997,0.00139265334033942,0.535911722248141,2.97796307325789e-05
"ram_samp_63",0.214262441607655,0.027065536987775,0.0585647448518763,0.0655787385058259,0.0342070577990692,0.00423817582310239,0.0159706742988001,2.97796307325789e-05,0.00181515983355614,0.578237911030875,2.97796307325789e-05
"ram_samp_64",0.128128187227482,0.0448730172494002,0.135409601256757,0.0771771505102412,0.0467857619819499,0.00215505155578791,0.0166069006461642,0.000667361208249179,0.000454834015743646,0.547712354717492,2.97796307325789e-05
"ram_samp_65",0.0885803989091037,0.00587606959232509,0.150684174794847,0.198803638324878,0.015095219147144,0.000704351549377869,0.00317778191774393,2.97796307325789e-05,2.97796307325789e-05,0.536989026872383,2.97796307325789e-05
"ram_samp_66",0.111222543226302,0.0353021784510375,0.107770925118209,0.0731398426400919,0.0390218132357242,0.00400594095229423,0.0140104758904171,0.000286306167607524,0.00118414904666983,0.614026045640914,2.97796307325789e-05
"ram_samp_67",0.0869830386208909,0.0817997255683124,0.0785440703133904,0.0907338492911221,0.0573444546999437,0.011613855305223,0.0131281135633264,0.000181205456542912,0.00116547332431008,0.578476434226206,2.97796307325789e-05
"ram_samp_68",0.109073854699292,0.0457883296635873,0.13127961244102,0.0659057717562209,0.0699857522118253,0.00410976008633691,0.00818974054194123,0.00024947088603435,0.00216392325366408,0.563224004829345,2.97796307325789e-05
"ram_samp_69",0.14289134964202,0.0286556969683087,0.0723593875600278,0.137259368088731,0.032807547574522,0.00243348261327714,0.0196964403970062,0.00221496416031854,0.00287051951919432,0.558781463845862,2.97796307325789e-05
"ram_samp_70",0.0706342631206934,0.0275726469940379,0.139087670952786,0.0692228366653775,0.03177125482381,0.00238100001540498,0.0106102713617584,2.97796307325789e-05,0.00103744550987789,0.647623051294788,2.97796307325789e-05
"ram_samp_71",0.0798404678730714,0.0515462103196228,0.112974663115743,0.0558501146556567,0.0559805359991729,0.00837674561576796,0.0259836269904519,2.97796307325789e-05,0.0017252570964429,0.607662819072605,2.97796307325789e-05
"ram_samp_72",0.303592207238132,0.0602372425429845,0.0323059453156512,0.0673752407233031,0.0375818570141475,0.00127117061861407,0.0155471669792511,0.00065047512467332,0.00313325710043629,0.478275657712074,2.97796307325789e-05
"ram_samp_73",0.116935628903428,0.0468400724752016,0.0955390717556421,0.0871695099021215,0.0455439013916917,0.001177816876127,0.0199167473977261,0.00021494692837684,0.0013259507142424,0.58530657402471,2.97796307325789e-05
"ram_samp_74",0.161711874938771,0.0455923459550997,0.0826739593398815,0.0921473642192053,0.0379233991480279,0.00345824996801168,0.0113978654859212,0.000300448341570403,0.00183423770298474,0.562930475269794,2.97796307325789e-05
"ram_samp_75",0.104772647506613,0.0394478119627439,0.116414246634735,0.0550280618963453,0.0704525093306107,0.00501545960948501,0.0137403995723018,0.000341384629404606,0.0026784221194448,0.592079277107583,2.97796307325789e-05
"ram_samp_76",0.092855889419392,0.0500450554179467,0.0526005804581693,0.0799812058891258,0.043108630308771,0.0117121798146074,0.0135375548433378,0.000394854636478667,0.000759929642224754,0.654974339939214,2.97796307325789e-05
"ram_samp_77",0.0797965215508006,0.0412822632283945,0.0410352423685282,0.0941447272397697,0.033624616572541,0.000276800490598818,0.00793444714645223,0.000523821350465056,0.00126488393006377,0.700086896491653,2.97796307325789e-05
"ram_samp_78",0.206791146206933,0.0513087765916831,0.0553269069505635,0.0451859112829129,0.0668072794045076,0.0155282824435571,0.0109361334619795,0.000412458712530716,0.00117781687612699,0.546495508438473,2.97796307325789e-05
"ram_samp_79",0.0705443306640818,0.422793856016811,0.0681730125482491,0.0215119035609341,0.000343452696046326,0.00814046889098805,0.0071994496950468,0.000881177950869894,0.0236269562299068,0.326558959578553,0.0502264321685125
"ram_samp_80",0.109010871820114,0.375414508884014,0.0438117717516447,0.0133095270271487,0.000121278046868237,0.00371051137073518,0.000795039111139898,0.000520543862732924,0.0128811480788772,0.394907830539824,0.0455169695069003
"ram_samp_81",0.0812571577257839,0.435920750707566,0.0404646845645069,0.0143560195615381,0.000261349733353562,0.00986632458684179,0.002601244650882,0.00350678744023569,0.0193157672818533,0.338554163230914,0.053895750516524
"ram_samp_82",0.0851523040643956,0.320418114251559,0.107834016220197,0.0170771314953509,0.0103523820941418,0.0126494975399097,0.00675773281917431,0.000100262949849587,0.0384656150601303,0.3635667207001,0.0376262228051915
"ram_samp_83",0.0826081926856963,0.42939679761727,0.0910316027815664,0.0172377104315057,0.0069991183202946,0.0114696323015264,0.00620334655719552,0.00951314885849297,0.0287029061520798,0.276547795782773,0.0402897485115989
"ram_samp_84",0.133109527850819,0.247078460050598,0.0493235304187341,0.0363502512474756,0.0201476352822824,0.0117283980619967,0.00214047651427974,0.00300300676097334,0.0349490075702532,0.409443155464885,0.0527265507777027
"ram_samp_85",0.067873937798807,0.205245987847482,0.244005384050856,0.0266935251963621,0.0181832519928357,0.00874664521429753,0.010725933500474,0.00222232456727147,0.0478592477448348,0.331537242619153,0.0369065194676261
"ram_samp_86",0.0593848813263759,0.202674628221914,0.143258182794487,0.022998843379379,0.0292355034198107,0.0962947953945112,0.00970288392995966,0.00818728233468906,0.0452708924906284,0.343629628992763,0.0393624777154825
"ram_samp_87",0.183770110449604,0.358329766941293,0.102517085862498,0.00825982526255991,7.59671895222097e-05,0.000543616222267221,0.000635991339846481,0.000153908694979712,0.019243804087219,0.288199732364088,0.0382701915861225
"ram_samp_88",0.0382730772536262,0.10760805188689,0.274250343320632,0.0256039597759324,0.0554827379090663,0.0262308106060886,0.0214227313662739,0.0102527830629598,0.0351300918065499,0.319136863935322,0.0866085490766596
"ram_samp_89",0.0525338591987462,0.14300431451328,0.135520604037126,0.0370533665905461,0.0509714764244956,0.0238662375356774,0.0132080661761769,0.0373068518607112,0.0411916610011486,0.393291543769912,0.0720520188921802
"ram_samp_90",0.0308882551573151,0.107616072635747,0.292981021918616,0.0411585318827805,0.0498945403777569,0.0569885550179785,0.0143681058315197,0.00421930628531265,0.0437361240666746,0.290587543462142,0.0675619433641565
"ram_samp_91",0.0618206816519079,0.120261653123074,0.232071432701426,0.0355483916704961,0.0620436001013852,0.0362098323348702,0.0211695735915484,0.0170017457688737,0.0423732567074457,0.327356470227208,0.0441433621217647
"ram_samp_92",0.0359240324544891,0.110472091882022,0.242032098650417,0.0469414998057662,0.0447328281592896,0.0401525262204828,0.015862958060877,0.00402226645413969,0.042934463103265,0.325312696608936,0.0916125386003162
"ram_samp_93",0.0682891445936905,0.140220074664018,0.319444388518398,0.0468318735577988,0.016329331279266,0.0283240436073279,0.0211145549183718,3.72274496261286e-05,0.0339732142380853,0.285527021277172,0.0399091258962444
"ram_samp_94",0.0358161007402034,0.118984333619665,0.263050369343989,0.0351831028708271,0.0380924857177376,0.0655115276071205,0.0177508786970803,0.00639190524158904,0.038494847175289,0.296855609751945,0.083868839234554
"ram_samp_95",0.0486972086975845,0.133287781814515,0.187225632763726,0.0250010754913408,0.0422595585883596,0.0474100734967382,0.0209095449566474,0.00941252929128731,0.0375718865006475,0.38836971714033,0.0598549912588237
"ram_samp_96",0.0479504292980057,0.13880272229906,0.25287513135066,0.0234069179102342,0.0538663557524993,0.0500370473089798,0.0238893168557388,0.0189586019702706,0.0444531727893325,0.2824167304913,0.0633435739739189
"ram_samp_97",0.0388761501900803,0.0689361198982488,0.252436197363867,0.0392757693335031,0.0527703574187226,0.114278504956335,0.0211679812623771,0.00360083035228249,0.0212213336137947,0.33586149086382,0.0515752647469688
"ram_samp_98",0.114691651052143,0.450439820197763,0.057668481655437,0.00729335247419907,0.00137089752770685,0.00876172973365996,0.00103806534889572,0.0145079794090169,0.0161525619396131,0.281698800131383,0.0463766605301828
"ram_samp_99",0.0662433468573034,0.437119948244475,0.0322828819213619,0.0138574348840687,0.000638247881731563,0.00751993810077641,0.00202658389105319,0.0160513485778115,0.0272608763567787,0.358100490380585,0.0388989029040551
"ram_samp_100",0.044219397499924,0.179795125059924,0.150466767293192,0.0243837365192977,0.026739278477141,0.0648229252463555,0.0234420921643396,0.00992420071003324,0.0381878420632569,0.366753030562094,0.0712656044044422
"ram_samp_101",0.0929652244873973,0.486026943711515,0.0416903488952728,0.00944002819565246,0.000262345714778921,0.00997458307540078,0.00622228551041429,0.00423679595706343,0.0211551107875391,0.281889460088151,0.0461368735768155
"ram_samp_102",0.028337520240158,0.10021495412878,0.281409723143314,0.0421410105156409,0.0591121414328741,0.0495556202231471,0.0122715074134996,0.010532181467353,0.0354924859439657,0.317083493728664,0.063849361762604
"ram_samp_103",0.0270538573961157,0.112849081924778,0.295207983308269,0.0484207771719212,0.0513988611571151,0.0450183448910191,0.019890044461391,0.00978214451677873,0.0333506782378585,0.296557487347773,0.0604707395869809
"ram_samp_104",0.0231023149490041,0.103214243212695,0.272314456818387,0.0410707036123801,0.043058368335486,0.056232087814173,0.0207914454611304,0.00789338751338498,0.0333231637427559,0.303631057583525,0.0953687709570787
"ram_samp_105",0.0263941544776809,0.14264360961372,0.220809599140603,0.0261448055090181,0.0285167280057353,0.0349559404213198,0.0120923586366886,0.00151820079477994,0.0356324954958869,0.353123873047241,0.118168234857326
"ram_samp_106",0.133918102776978,0.22950672111351,0.169347084957352,0.00819026522300231,0.0526323463827812,0.0285052768910823,0.0174937296267089,0.00070662741851082,0.0125993538782936,0.324524018340247,0.0225764733915341
"ram_samp_107",0.0673667815305543,0.424714485162902,0.193928723416065,0.00429482978386846,0.0142970725121188,0.0252643443344682,0.00441971590192834,0.000347671567612273,0.026524558798527,0.224680983881356,0.0141608331105989
"ram_samp_108",0.0516954798503196,0.155587110052155,0.19066065547711,0.0320921447567781,0.0267860061936178,0.0855192607890572,0.0103037561364264,0.00216930247469493,0.0419912476017776,0.319160031755088,0.0840350049129751
"ram_samp_109",0.0311592725055175,0.12721158582483,0.199114801698955,0.037151268625309,0.0520837855153745,0.0959463435275186,0.00818473998486732,0.00596812324431391,0.0345834595205116,0.344964534475532,0.0636320850772699
"ram_samp_110",0.0737406388671895,0.11557785931546,0.156110614870725,0.0541921471606966,0.0623088719965734,0.0707912150683006,0.009224283440116,0.021207023708984,0.0302807145360864,0.354456918175014,0.0521097128608536
"ram_samp_111",0.0429476411942187,0.125030369006098,0.263181472874573,0.0240790668880079,0.0500223024691524,0.0380222973085289,0.0264357899154469,0.0133859717698733,0.0536666532597649,0.283524277552329,0.079704157762007
"ram_samp_112",0.0273927668316163,0.103311079347991,0.282676835319754,0.0328908351266415,0.034371580911959,0.0762608728465023,0.0130459663688531,0.00909539411831686,0.0351938979888537,0.307881141250032,0.0778796298894804
"ram_samp_113",0.0283087444692799,0.121520001127667,0.251032615579232,0.0424069757929596,0.039892062349808,0.0249979850375608,0.0128178430956212,0.0052296798002416,0.0388571483285975,0.367033450467158,0.0679034939518744
"ram_samp_114",0.0491926528394409,0.129034458539351,0.14081097740948,0.0288803452769717,0.021313438183014,0.138742550882423,0.0155204580268339,0.00594402432367484,0.0358028179755649,0.378028664223585,0.0567296123196606
"ram_samp_115",0.0260354053801983,0.117212117878332,0.279677248430947,0.0452810214795178,0.0538035884688175,0.051531955620212,0.0184118641921051,0.0088244693050215,0.0393810861643894,0.310423168027699,0.0494180750527595
"ram_samp_116",0.0346446096516189,0.120807006336414,0.255190939951887,0.0182228945541519,0.0384477555453663,0.0763428155819616,0.0188493041997187,0.00725800223653421,0.0473863488355852,0.297830372173601,0.0850199509331613
"ram_samp_117",0.035017675164928,0.11692031049736,0.239522993026068,0.0445705197058432,0.0371071371654385,0.0714833036755595,0.0105495556851935,0.0032761651740409,0.0464043558142769,0.318939661253462,0.0762083228378302
"ram_samp_118",0.0871370255278738,0.173886932150743,0.142298301926199,0.0152812319502417,0.0727605703304097,0.0278653899179084,0.00840781958203245,0.00876687843708814,0.0354141748944368,0.360772791697059,0.0674088835860079
"ram_samp_119",0.0541713313007884,0.126393076422082,0.155600002012907,0.023135258437172,0.0376820411258437,0.135095139868664,0.010125506878337,0.0212414760472646,0.0447537179726631,0.345901793331108,0.0459006566031702
"ram_samp_120",0.112338003179788,0.261189805522098,0.0830850367142748,0.0138640619720387,0.0836333277967672,0.0118257821286487,0.0093848026201514,0.0115345992938788,0.036176721108722,0.342454597940778,0.0345132617228552
"ram_samp_121",0.0284311658702899,0.0771268845797163,0.249071680552692,0.0299837492340761,0.0479538206243427,0.037071969731034,0.0187414803493966,0.0182932682319228,0.0268023673487075,0.417814301294644,0.0487093121831775
"ram_samp_122",0.0679235831454954,0.309600810205085,0.11802657999536,0.026809329729547,0.00220455201136878,0.00603290949187871,0.00927374676498363,0.000309325535868824,0.0272594460174782,0.387745735856138,0.0448139812467967
"ram_samp_123",0.0286746423767329,0.109288942402027,0.27039147010374,0.0349584571980753,0.0393981830373602,0.0849251117532012,0.00673188286418115,0.0114266955505933,0.0324136622231637,0.28641639025005,0.0953745622408752
"ram_samp_124",0.031590416465912,0.127932900243239,0.20150854566508,0.0306845011978793,0.0341508356800423,0.0142063173662278,0.0162799556831128,0.0397431886445987,0.038436765693099,0.347901864701995,0.117564708658813
"ram_samp_125",0.0403214547351801,0.113517635730519,0.27091753491619,0.0377907194049764,0.0541287332566198,0.0264350992357626,0.0161832603830267,0.0128684991539754,0.0396941441519677,0.306634941479123,0.0815079775526598
"ram_samp_126",0.0462370495263126,0.16862283775352,0.161050549180936,0.0161026199503375,0.0292481421489776,0.0905792940915903,0.0115782506198075,0.00596481662005465,0.0499294071259318,0.328382777401435,0.0923042555810977
"ram_samp_127",0.0731803905975004,0.200308698045869,0.274733060314482,0.0273767931033363,0.0149236204186931,0.0261340382160827,0.0154040668957241,0.000484602295655244,0.0281326955605316,0.310699283585022,0.0286227509671032
"ram_samp_128",0.054822065892441,0.0817988893237856,0.117146919116508,0.0445722672420875,0.0534330088194932,0.0287984211158161,0.0114509303003108,0.0181223782607017,0.0707977608198897,0.495169745094654,0.0238876140143124
"ram_samp_129",0.0387149164046964,0.125058157322478,0.247512766537213,0.0449792950579488,0.0454296363079027,0.0084279616071455,0.0265808079916506,0.0102811840842285,0.0356995359679898,0.389351154886329,0.0279645838324181
"ram_samp_130",0.119529134599004,0.0428521653200979,0.0543631391268611,0.150402713077538,0.0395060940034704,0.00498782691011497,0.00732519205610953,0.00154161769277086,0.0517229178908943,0.513348870643086,0.0144203286800533
"ram_samp_131",0.0240176505920787,0.101459710136383,0.299746808061486,0.0257997537726526,0.0396955183723686,0.109687356028891,0.0124641457183651,0.00356542119222488,0.0321694546877489,0.270865469345453,0.0805287120923482
"ram_samp_132",0.0399135394659732,0.150242986084578,0.255444115636228,0.0353526280983192,0.0724612870370417,0.0158655746463986,0.0239451603995912,0.00684964502455644,0.0262618874972808,0.319972205079064,0.0536909710309688
"ram_samp_133",0.119121799948738,0.29711641578846,0.111278303148221,0.030290831422156,0.00206256811712708,0.00353069313507866,0.00466984030619828,4.45099820832637e-05,0.030339932593325,0.352703851668828,0.0488412538897851
"ram_samp_134",0.032017740740557,0.0769470913737912,0.228804346737675,0.0937534380728764,0.0219808739993378,0.00782897088846461,0.0144073745635987,0.00321511193658696,0.0392668158201579,0.460156417038969,0.0216218188279854
"ram_samp_135",0.0774934288606034,0.220118793596027,0.165831913257987,0.0162915128673195,0.0255590303348876,0.0209979010483416,0.0211940005558842,0.000233142082998963,0.0280175371238937,0.395863898550164,0.0283988417218931
"ram_samp_136",0.0304374929454152,0.108544608083995,0.319969827245621,0.0313540271781393,0.0269928174120235,0.0618201925442908,0.0266699746111552,0.00207728265729212,0.0435540867056891,0.269781931482566,0.0787977591338128
"ram_samp_137",0.0303995546268577,0.101391854773873,0.257283767320496,0.0339809534168114,0.0396144789772319,0.0471439523043138,0.0129082570252843,0.00408809074381788,0.0479250931304143,0.34824528861678,0.0770187090641196
"ram_samp_138",0.0479815197438856,0.129035621489869,0.297068715621847,0.0386276667014943,0.0624635692055169,0.0220562144974195,0.0288688090370835,0.0122523757166005,0.0334139463905268,0.2865758479215,0.0416557136742561
"ram_samp_139",0.0784269719932532,0.242961915334685,0.126141621981076,0.0520693133534536,0.0334061897149777,0.0230743073331876,0.0142143252077243,0.000438482032003949,0.0157748252853058,0.373426581161506,0.040065466602826
"ram_samp_140",0.0322218461816504,0.12403701402839,0.231188427628253,0.0279791049352612,0.0378853985478597,0.0994981048425208,0.0156951721606911,0.00178646566921222,0.0354916725174039,0.335701594796701,0.0585151986920564
"ram_samp_141",0.0284369388747968,0.106540773486242,0.245221186295239,0.0430475175231543,0.0405779208458591,0.104541220889519,0.0168717823483992,0.00487446676806492,0.0312193183315975,0.325999131993676,0.0526697426434514
"ram_samp_142",0.0463854907816702,0.210111677716783,0.143064876028202,0.0198578203247791,0.014304177432739,0.00567939561422503,0.0115561479141547,0.000823157186738314,0.0400121695297635,0.451244069990704,0.0569610174802409
"ram_samp_143",0.0821043818106922,0.268939518864067,0.174980185857695,0.0171005186478022,0.0133120046638073,0.0284092478407533,0.0138173392046874,0.000122474132314145,0.0210505004732619,0.342311702083695,0.0378521264212238
"ram_samp_144",0.0887950871612441,0.283660930893104,0.0895436309894883,0.0550240228887755,0.00120498190379361,0.000781909085491642,0.00622440139006765,4.54489943733927e-05,0.0384458361567945,0.379614890708234,0.0566588598286337
"ram_samp_145",0.135657128811909,0.326959077367545,0.0838669181194187,0.00916744543612321,0.0496655802856145,0.00646773782851676,0.0231222365805763,0.0043326749492986,0.0234398492402948,0.310743186574144,0.02657816480656
"ram_samp_146",0.214915654032023,0.268901804755642,0.0553999056911224,0.00886019318966195,0.00156561595565598,0.00355575008425421,0.00018207264446448,0.0133954275138476,0.0257259991510897,0.330443669728457,0.0770539072537821
"ram_samp_147",0.171141298431627,0.275675071057309,0.0454034707699438,0.0205875991030764,0.0289058736335286,0.00319741248561887,0.00457044590896363,0.0262445910119514,0.0310207690266052,0.321531561256187,0.0717219073151887
"ram_samp_148",0.0419545027737229,0.111867133834931,0.275612272573276,0.0297941483092567,0.0573796336452921,0.0255006175718764,0.0220755568460068,0.0207111853190476,0.038052321732321,0.323370414892658,0.0536822125016115
"ram_samp_149",0.0394826965082642,0.0994893203770768,0.285843497939862,0.0234633060517481,0.0484145579706296,0.0566941193183231,0.0110226149503145,0.0260562488460562,0.0378254143435747,0.309785520627425,0.0619227030667258
"ram_samp_150",0.0412575484431829,0.102061190858653,0.285440272776348,0.0317690837338564,0.0553102704642093,0.0459413753251282,0.0206974821172875,0.0114488723651561,0.0330467818441219,0.309457255037302,0.0635698670347544
"ram_samp_151",0.0267819402987345,0.0847603589966177,0.249699495122764,0.0301738663115797,0.0433549068413785,0.0538817167113545,0.0107586605591725,0.00904105656222959,0.0428906895449075,0.380464046158702,0.0681932628925593
"ram_samp_152",0.0867724077608082,0.228419998842676,0.127380163536746,0.0155450638997115,0.0284749521583582,0.0682068759976813,0.0187702654469088,0.00227200721674621,0.0364899706110865,0.353054117424,0.0346141771052774
"ram_samp_153",0.0376479840018255,0.124464484098896,0.145788664359978,0.0422631537129784,0.0435013099763432,0.0362458503341533,0.021357361420011,0.00610831051708674,0.0554338708881118,0.413546759369011,0.0736422513216058
"ram_samp_154",0.0357909660223154,0.14588066652548,0.0924742104027212,0.0213619397180457,0.0247023150426135,0.0357578013171852,0.00910477015275983,0.0160410686409335,0.062079228738097,0.469553300320332,0.0872537331195169
"ram_samp_155",0.0959934886839986,0.393182973463085,0.0875210712656235,0.00955655035708288,0.00310707779392668,0.00330366195177201,0.0203270939282622,0.0026798852970705,0.0208034324645798,0.326419969087153,0.0371047957074458
"ram_samp_156",0.0404189654143866,0.162034755146575,0.18048285579079,0.0296169220230567,0.0360712079255688,0.0623082400236986,0.0151547628121305,0.00765375489290063,0.049051760614264,0.347058617419749,0.0701481579368802
"ram_samp_157",0.0403536843233087,0.145301173432998,0.160312864695434,0.0173829009246917,0.0418587636673799,0.106507059400647,0.0134833712012588,0.00951535357928052,0.0408528476574932,0.365887853166988,0.0585441279505207
"ram_samp_158",0.0979558450585686,0.219982088546142,0.115216277498775,0.0312641696551022,0.0249802132637713,0.00407796465958205,0.00721855933336479,0.000345222619993577,0.0164881559476134,0.42417608321733,0.0582954201997574
"ram_samp_159",0.0417542747422721,0.140044965545893,0.207240159547748,0.0301986843284612,0.0581099822107053,0.0611952927735241,0.0108309291508996,0.0106515506298055,0.0458097407642518,0.340751592798098,0.0534128275083409
"ram_samp_160",0.0484316412390794,0.144687821698929,0.211841170169779,0.0293485604492973,0.0514504877615475,0.044825426273124,0.0236212173608948,0.00962383158179557,0.0387394973433723,0.350423313681408,0.0470070324407729
"ram_samp_161",0.0268019589021931,0.125710587518805,0.255279114987954,0.0306194951637851,0.0419507754061898,0.0578461752218254,0.0151381532872722,0.00653459824687454,0.0413439118618266,0.32403169736809,0.0747435320351853
"ram_samp_162",0.0275272704175926,0.105537575630215,0.187022319393272,0.0439993821921482,0.0235687472651757,0.157094001193472,0.020853910228323,0.00154148242289044,0.0205368489685445,0.371857710227674,0.0404607520606926
"ram_samp_163",0.0272643033151053,0.110635907183797,0.20295105749849,0.0376352411210951,0.0310822050769191,0.101351791665298,0.0145558057531727,0.0048182377602847,0.0462612027624799,0.347410651210969,0.07603359665239
"ram_samp_164",0.0423502104333398,0.191174135508751,0.137280973512716,0.0243477297500716,0.0460922199841234,0.10548824364358,0.00996055844117693,0.00172050362175805,0.0526237537178744,0.329710279623914,0.0592513917626943
"ram_samp_165",0.0980863943391272,0.334811109198755,0.130397136248009,0.0132882881791302,0.00744880065961932,0.00722011398991171,0.0240046518875222,6.70076932431216e-05,0.0267276187454362,0.325732780240827,0.032216098818419
"ram_samp_166",0.0349149239240916,0.121148175801003,0.187444671278634,0.0695543773517071,0.0536092971897187,0.047365972959078,0.0266956490808865,0.0118498686017666,0.0461096304643711,0.356454145379079,0.0448532879696643
"ram_samp_167",0.0344273513760306,0.122345034955358,0.229006222727049,0.0370039098724249,0.049323937312381,0.0578650737815865,0.0110995420283213,0.00707247110534065,0.0440091402221681,0.334290714159953,0.0735566024593868
"ram_samp_168",0.0337640803929861,0.105031215670105,0.187298097040374,0.0438388050923842,0.019154669630925,0.0594218812633073,0.0121796033158123,0.00736219370128883,0.0326796036660658,0.441422108443119,0.057847741783632
"ram_samp_169",0.0320928865251348,0.122188593202651,0.206290868664482,0.0462537677464594,0.0389775715607275,0.0680395761202991,0.0177265154788328,0.00662149288277474,0.0553231666178467,0.342713308370214,0.0637722528305779
"ram_samp_170",0.15214495356674,0.269342422673516,0.0317602067536696,0.0176640802149386,0.0285768786517089,0.00350109864337156,0.00334167510353184,0.0574016831936963,0.0337658577387499,0.319015712070671,0.0834854313894072
"ram_samp_171",0.26517247116205,0.106495470272343,0.0256149585433122,0.0438328804516132,0.0736592914794556,0.00668657643296216,0.00463700639553572,0.0477167295561482,0.0349026110028266,0.314815318971353,0.0764666857324011
"ram_samp_172",0.0929707341602458,0.389207805206667,0.0745677546465423,0.0220443989902012,0.00581176554772781,0.0182043426867422,0.0138130995944787,0.00100439468113518,0.0278008332017551,0.309552188615336,0.045022682669169
"ram_samp_173",0.036448772575548,0.111286378071084,0.212617220634736,0.037608951443388,0.0397219671594975,0.106312664154703,0.0116242761242566,0.00725376498495316,0.04071887713838,0.341467835405291,0.0549392923081631
"ram_samp_174",0.0408541416234657,0.136995744155737,0.175015472792238,0.0183016900787402,0.0403367337130168,0.0941685265633822,0.0137099771083387,0.00614918657812862,0.0503401083985344,0.35289256415879,0.0712358548296287
"ram_samp_175",0.0436799079553776,0.267900175762422,0.197540278632853,0.0109941716931107,0.0257446107383541,0.0205955868416572,0.0151436791863311,0.0015139100480158,0.0303787322453813,0.352071572285485,0.0344373746110129
"ram_samp_176",0.0193786066089576,0.129282784131218,0.184485333230969,0.0990259933710045,0.0526751649723801,0.027765171160928,0.0112598414495351,0.00889938259590146,0.0355797205475788,0.38326458032939,0.048383421602137
"ram_samp_177",0.0631264610116741,0.355875700792992,0.121703713854541,0.0159192646625728,0.0294711440110313,0.0100596664162293,0.00752258504786556,0.0127899898544192,0.0423809609984543,0.295808585152815,0.0453419281974045
"ram_samp_178",0.0379786523524346,0.120582284528365,0.227671373063806,0.0369578714895876,0.0579686003797901,0.0551912654608497,0.0162847980432975,0.00927488079925986,0.0400253047476638,0.339287897973958,0.0587770711609883
"ram_samp_179",0.0250572032652537,0.139586547176223,0.22457832341459,0.0359266117972958,0.0518456347112301,0.0234567105147139,0.0134141779743277,0.0137754607638638,0.0512416150474744,0.341633947224286,0.0794837681107417
"ram_samp_180",0.0216637718538318,0.128166280362583,0.225938927806787,0.0210479092395174,0.0461994743557813,0.0578328856111075,0.0124040897034371,0.000133765429662869,0.052178657794273,0.334630084138673,0.0998041537043458
"ram_samp_181",0.0378036008147783,0.201231724133166,0.128765600532531,0.0169367071765827,0.0388821893358306,0.0422845896705977,0.0108374042235222,0.0073249262308656,0.070974830140531,0.351572787160737,0.0933856405808573
"ram_samp_182",0.0472466218336359,0.20420207735928,0.181807361420886,0.0312790992275571,0.0365943805132725,0.0309012356290466,0.0205351775765731,0.00582368814122807,0.0427157708091439,0.353621939663645,0.0452726478257321
"ram_samp_183",0.0247133845851417,0.132859329930765,0.199047742520625,0.0183198744914051,0.0391064250155216,0.0780407853624977,0.014439373460145,0.0149826436045214,0.0517309883705544,0.363619791256364,0.0631396614024589
"ram_samp_184",0.0266826817615037,0.111486005141488,0.191973784565297,0.0699108243525376,0.0404010977076946,0.0395426329325719,0.0173130899861327,0.00172323553478323,0.0612892894430045,0.380876275628627,0.0588010829463598
"ram_samp_185",0.0812859539169429,0.240135902475244,0.215435974626015,0.0136652416590245,0.0173840040303768,0.0148917117885534,0.013678358986613,0.000370830148034734,0.0280943020064233,0.335197175509425,0.0398605448533477
"ram_samp_186",0.0249902330024497,0.128178204625117,0.193860974758221,0.012778061124547,0.0246018842069173,0.155403504842146,0.0147101792044653,0.00620516181917932,0.0454761551373256,0.302521816439364,0.0912738248402674
"ram_samp_187",0.0342464216763962,0.112040422986688,0.266289756805858,0.0238078547846073,0.0518284315934231,0.0598117877481598,0.0114315028283862,0.00881577123370139,0.0439382384817846,0.303311316855561,0.0844784950054343
"ram_samp_188",0.0430499737322743,0.137715124532406,0.190365521659185,0.0320062931014264,0.0321513729867323,0.0704887326788048,0.00897486130912177,0.00674879181896004,0.0458024834447302,0.329293113078789,0.103403731657571
"ram_samp_189",0.0556117068461613,0.118801195612917,0.1612450056469,0.0474319558823231,0.0499697023716495,0.0351092445639595,0.0134066317985087,0.0142850825063524,0.0441036037559374,0.4204806898133,0.0395551812019908
"ram_samp_190",0.0591142610825355,0.333223251937309,0.0788921399399816,0.00671022160185665,0.0986934499741518,0.015385081235874,0.00893894048016151,0.00262995165542159,0.0348892287529369,0.32789147062075,0.0336320027190213
"ram_samp_191",0.0827244379793008,0.351751160658207,0.120601882863528,0.0116799362876848,0.0169925560316826,0.0292571333170534,0.0150910301213186,0.000601826422708414,0.0310262409885342,0.312253448364098,0.0280203469658834
"ram_samp_192",0.107364088539109,0.278529916438888,0.122286497636154,0.0132428404900557,0.0613658750328234,0.0398074531416219,0.00832897701830432,0.00165576576908872,0.0388123701421231,0.299903683752863,0.0287025320389687
"ram_samp_193",0.0871469708548092,0.44896364987304,0.100929936085501,0.0168045227259295,0.00037663159226181,0.0115956043302206,0.00368246842913776,0.00056387026175989,0.0236095740419498,0.251546563521588,0.0547802082838024
"ram_samp_194",0.119509157846077,0.28909942558056,0.054341464521757,0.0232944928011261,0.0233355240412855,0.0240558502574177,0.0131141862149045,0.0230437463334851,0.0262396240392358,0.359791693348563,0.0441748350155886
"ram_samp_195",0.0852354357129518,0.266799392162879,0.118406867991816,0.0140597960435408,0.0292780958083852,0.057251639655847,0.0144508766404135,0.00123686493454159,0.0338808136023486,0.341352891332092,0.0380473261151847
"ram_samp_196",0.0629298137875851,0.139452811948724,0.284286008381242,0.0392006270434706,0.0233434045432048,0.0842583446356889,0.0152663848011524,4.77685388440545e-05,0.0353554979346427,0.270798824524662,0.0450605138607837
"ram_samp_197",0.0637062386771512,0.122662768467647,0.13771611057236,0.0531566224294603,0.0461400780914421,0.0683720264506434,0.0134735522468832,0.0221917467078225,0.0411051090047906,0.346993293114021,0.0844824542377785
"ram_samp_198",0.043815615252157,0.123255916296953,0.237264530628293,0.0411576426324114,0.0485841446132537,0.0909125816984078,0.00535691709402228,0.0126128457078134,0.0394453484477825,0.289630554312995,0.0679639033159111
"ram_samp_199",0.024643241534495,0.115357883674069,0.278600709256116,0.030460462000742,0.0321243237529075,0.0269618553975401,0.0119376334678517,0.00329004928024592,0.0509349553996859,0.291048193931776,0.13464069230457
"ram_samp_200",0.0437429696200291,0.141355438052577,0.1786134835805,0.04225950363984,0.0523590168872708,0.0400733156489627,0.0077405237607185,0.0081245838131699,0.0478178233000432,0.36352784773551,0.0743854939613795
"ram_samp_201",0.0255578837631234,0.133086797252786,0.290200157926605,0.0434056985558489,0.0479773773339426,0.0258428325833391,0.0193451224681782,0.00978269435733238,0.0386943295928691,0.297671466300063,0.0684356398659117
"ram_samp_202",0.0306896568267493,0.133799956313189,0.230106331836182,0.0301619134476304,0.0381243662002116,0.0458296525933249,0.0126115224628124,0.0064346776401215,0.0517881486202412,0.315048865587972,0.105404908471565
"ram_samp_203",0.0660167694275113,0.216906462962578,0.120161944625761,0.0195367447646743,0.0441888831555149,0.0674511707195448,0.00915374152908923,0.00355073505865276,0.032029051019772,0.381372144135166,0.0396323526017358
"ram_samp_204",0.0695613573654865,0.246243361089948,0.183828946182791,0.0173027964600132,0.0249511058752804,0.060976514367223,0.00872476135894529,0.00124017722168082,0.0345875079520084,0.31474484793999,0.0378386241866327
"ram_samp_205",0.0800476071828996,0.300066486306693,0.113285416123714,0.0329040665997529,0.0206452797802199,0.0523530377864465,0.00652413970429709,0.0060466132282997,0.0355782148653383,0.314671974665413,0.0378771637569257
"ram_samp_206",0.0381331554720682,0.164085812927929,0.17142732629307,0.0442057617811509,0.0334472956525938,0.0554483353851301,0.0093171230427154,0.00460295024807027,0.0437263543783056,0.354490453091308,0.0811154317276594
"ram_samp_207",0.0392938089554122,0.153477025180806,0.167542095403815,0.0329224596775793,0.0320990299335108,0.0655109899991395,0.0140429218518633,0.00677300158891564,0.0517945792173128,0.3618270052881,0.0747170829035457
"ram_samp_208",0.0388751841759254,0.147379180120988,0.215378607181658,0.0487667410134891,0.0690600255415787,0.0299042945908675,0.0188883797143609,0.0122111352221768,0.0447242387316426,0.328299427343836,0.0465127863634776
"ram_samp_209",0.0483990399581115,0.418581763012023,0.0565183041053223,0.0135914083803021,0.00438736947754888,0.0117118290073039,0.000847354514951499,0.00770402635322048,0.0309374816970292,0.361819308808185,0.0455021146860013
"ram_samp_210",0.0886469977867363,0.328250748498459,0.0634975603288491,0.0149464917038476,0.0876029342369974,0.0396012992067725,0.00690179981614787,0.0198380907976427,0.0364851086692334,0.281511990686079,0.0327169782692354
"ram_samp_211",0.041763057063674,0.133134518514014,0.195802755741764,0.037354678438914,0.0555699191661278,0.03018117885043,0.0196842604652561,0.0203289673902971,0.047851596824088,0.363254029047121,0.0550750384983146
"ram_samp_212",0.0667800187341565,0.301301053549993,0.140677420516586,0.0193098634282012,0.0173134050468065,0.0541223934329203,0.00551148392936197,0.000263650469695955,0.0380252347120753,0.327055366669986,0.0296401095102177
"ram_samp_213",0.0497970505372622,0.164676549934788,0.191561182069004,0.0285499552717357,0.0278031599346742,0.0747895475466537,0.0144225624904641,0.00266516482846215,0.0326295562452703,0.34753031399365,0.0655749571480348
"ram_samp_214",0.038467425845256,0.124758978509681,0.206624258496955,0.0145313124089735,0.0338132994930407,0.13627888772604,0.00994799023947001,0.00901777297119711,0.0368626872267829,0.318287292965262,0.0714100941173416
"ram_samp_215",0.0584665110014173,0.111299193929528,0.238565289696219,0.0373688983887048,0.0563515497572764,0.0643875774899705,0.0198067569728821,0.00078351960566059,0.0239233368359506,0.355348601811604,0.0336987645107861
"ram_samp_216",0.141545683661455,0.212879500712191,0.0554879068929948,0.0432432479955821,0.0290136521369986,0.00573805375792085,0.00451801288688284,0.0151759865064171,0.0309416960005562,0.36352610173658,0.0979301577124213
"ram_samp_217",0.130004553478754,0.355247467917035,0.0567343751775283,0.011599799922592,0.00176651440129913,0.00339239376097845,0.00059637395304507,0.0307572572262883,0.0313977551558588,0.325907735835549,0.0525957731710718
"ram_samp_218",0.109337114043704,0.327767163292211,0.0785037819208452,0.00944630837857465,0.00207742423945605,0.00197196614801965,0.000724045399355559,0.0182037240549392,0.023995130909655,0.358486226510207,0.0694871151030328
"ram_samp_219",0.0574338860081844,0.118942687496864,0.232814152561955,0.0439476854923308,0.0710808439383838,0.0352384514399703,0.0180111616437158,0.0180642667294009,0.0315458778153314,0.326374692522008,0.0465462943518562
"ram_samp_220",0.045567436198289,0.125561863593656,0.231156516070721,0.0280109636236754,0.0449961047871867,0.064548835066184,0.0329159040111478,0.0126666313954863,0.0367366864520133,0.308259964015446,0.0695790947861943
"ram_samp_221",0.040126825977912,0.108814469388484,0.257694570461913,0.0269949504402357,0.0444072600709589,0.0414374959258056,0.0133182158056557,0.011351556014616,0.0458993328557513,0.292310659069098,0.117644663989569
"ram_samp_222",0.0336256442016009,0.160697604710985,0.174711704379791,0.0214644662501639,0.0367134069822935,0.0350707990880908,0.00943149788232809,0.00923915503757367,0.0532587384880676,0.377694955306015,0.0880920276730911
"ram_samp_223",0.0961640621966005,0.431025013100709,0.0645038863389194,0.00608439478565922,0.00501399163911067,0.00363708538892485,0.000482461137642982,0.0252856353704421,0.0263135996257179,0.260689449828579,0.080800420587694
"ram_samp_224",0.0935172232778542,0.417953509475666,0.0584537258417807,0.0182954005091947,0.00284309445544478,0.00548435531567046,0.00257338824084428,0.010622723714525,0.0274049604126842,0.301254420482315,0.0615971982740211
"ram_samp_225",0.0797919252813246,0.425730320942862,0.0867556761037058,0.0237462520593536,0.000290491158040748,0.049035270208246,0.00756558425340206,0.000166342811703525,0.0160531928646569,0.270635930141979,0.0402290141747256
"ram_samp_226",0.0436484543398694,0.156504599894831,0.14580167881129,0.058796831782832,0.0503712282690481,0.104475201587833,0.0106761213957712,0.00457969982704002,0.0346044581794606,0.34046282412191,0.0500789017901144
"ram_samp_227",0.129083993200492,0.210712437335469,0.0628146014736184,0.0236450908686535,0.0352775049252035,0.0156383643102488,0.00756516681437826,0.0561010367895523,0.0423596811715811,0.371523763503215,0.0452783596075881
"ram_samp_228",0.0608289071724015,0.180387197374826,0.140114932781971,0.0340186081625442,0.0645616814350742,0.0401880302628023,0.0119885772952984,0.0113678346199131,0.0526282202062383,0.354898232574219,0.0490177781147116
"ram_samp_229",0.0846977628472233,0.270621781292368,0.171448292742446,0.0232168505563692,0.00198019334370728,0.00430793505020025,0.00996785495297426,5.6352024642316e-05,0.0241840856946836,0.352305320170899,0.0572135713244869
"ram_samp_230",0.0369912843533269,0.133150311845747,0.210474935922466,0.0314221764645484,0.0464918169170596,0.0904752646089348,0.0130354644358195,0.00581622671369011,0.0336565927346394,0.331032059542556,0.067453866461213
"ram_samp_231",0.0339355122724371,0.119151018181905,0.228263573969022,0.0442259914507134,0.046481275175886,0.0711699717600054,0.0156008831507633,0.00804499368455367,0.0391917939704911,0.332833409584662,0.0611015767995607
"ram_samp_232",0.0344947135431152,0.142905078434707,0.174786638842698,0.0348024431748746,0.0356920133706133,0.070019891816886,0.0129126622868766,0.0100811285834762,0.0431739341240582,0.378339361846186,0.0627921339765093
"ram_samp_233",0.0412171732767141,0.142276787920691,0.209555386613217,0.0359652556850035,0.0384664111974234,0.060484033481424,0.0114547598604783,0.00792663983302511,0.0508728050967775,0.345040164850557,0.0567405821846896
"ram_samp_234",0.0328258817678962,0.12189509343232,0.195370913018444,0.0474715139393001,0.0398503518013776,0.0695484573375512,0.00974187599623894,0.00940478613244621,0.0390833502272406,0.372963532273418,0.0618442440737667
"ram_samp_235",0.0331628851233217,0.119795902944382,0.182071666637609,0.0535926140049605,0.0416883754509679,0.0552335022333149,0.0101995431752861,0.00882693705270828,0.0426180041430774,0.390021494208141,0.0627890750262315
"ram_samp_236",0.0714683448527967,0.213731677099739,0.244483494526562,0.0181837971249867,0.0171194180638491,0.016718290134092,0.0136879870607786,0.000836007053907726,0.0185809534910828,0.366767939647561,0.0184220909446444
"ram_samp_237",0.0835440443638784,0.223084066933638,0.180784030882048,0.0367103181650045,0.00428754310346715,0.0249949037814362,0.00785881255372558,4.47849645571941e-05,0.0132532300636748,0.372424651823121,0.053013613365449
"ram_samp_238",0.072559913917876,0.242611845456983,0.248061179656378,0.0121855103505195,0.0137336166571658,0.00802420059825415,0.00696529588450807,0.000246514513663063,0.0167369428920596,0.34861378048567,0.0302611995869219
"ram_samp_239",0.0330380091674912,0.130164514467303,0.238232285839569,0.037441285584838,0.0556931045928866,0.0287561905709448,0.0165445796360026,0.0127556741374944,0.0369794799285102,0.337084935251476,0.0733099408234845
