"","other","bacillus","bradyrhizobium","chthoniobacter","devosia","mycobacterium","opitutus","phenylobacterium","pseudomonas","rhodoplanes","sphingomonas"
"ram_samp_61",0.908689476238527,0.000935680138451445,0.000458927826776293,2.98507462686567e-05,0.0359292998154076,0.00212756091763933,2.98507462686567e-05,0.0055125023305329,0.000744979213781384,0.0438910634203826,0.00165080860596417
"ram_samp_62",0.904709208489378,0.00193787366832187,2.98507462686567e-05,2.98507462686567e-05,0.0346468380463771,0.00221044837147234,2.98507462686567e-05,0.00411847129352556,0.000575000152569577,0.0507287455322542,0.000983862207295267
"ram_samp_63",0.892196114187385,0.000667486442294333,0.000284905024678927,2.98507462686567e-05,0.0371402482549629,0.00270792066957649,2.98507462686567e-05,0.00513093631447405,0.00232533925196109,0.056141791996528,0.00334555636560217
"ram_samp_64",0.924679404253969,0.000667432233095944,0.00194259520675052,2.98507462686567e-05,0.0174570780528811,0.000879959395371706,2.98507462686567e-05,0.00364281250495662,0.00130501371992323,0.0444480276619031,0.0049179754786112
"ram_samp_65",0.927522307509003,2.98507462686567e-05,0.00137899439165763,2.98507462686567e-05,0.0182432899590199,0.00497671077936156,2.98507462686567e-05,0.00430213895666708,0.0198172908786403,0.0123970008290009,0.0112727144578434
"ram_samp_66",0.906454109646738,0.000671166997235476,0.000286377246655384,2.98507462686567e-05,0.0341478752977034,0.0027233790003293,2.98507462686567e-05,0.00477559100342312,0.00246685249994257,0.0454350413147194,0.00297990550071603
"ram_samp_67",0.913918774417456,0.00184696039752777,2.98507462686567e-05,2.98507462686567e-05,0.0226680084848718,0.000635553963355028,2.98507462686567e-05,0.00161982169112038,0.000484128159083434,0.0576473692716096,0.00108983137616981
"ram_samp_68",0.947917132581966,0.000280926430900643,6.12352068476549e-05,2.98507462686567e-05,0.0134310154135009,0.000594771036690626,2.98507462686567e-05,0.00206984068390354,0.0010027690242176,0.0339564526321657,0.000626155497269624
"ram_samp_69",0.954249660786974,2.98507462686567e-05,2.98507462686567e-05,2.98507462686567e-05,0.0216631745120551,0.00177799812128171,2.98507462686567e-05,0.00308910865254149,0.00308910865254149,0.0148891034338796,0.00112244285565181
"ram_samp_70",0.900950250427406,0.00019779503557122,2.98507462686567e-05,2.98507462686567e-05,0.0331148757388736,0.00238107079650454,2.98507462686567e-05,0.00406051368953019,0.000869572192781474,0.05645913195193,0.00187723792859685
"ram_samp_71",0.877366289720045,0.00159490664584993,2.98507462686567e-05,2.98507462686567e-05,0.0297659128383126,0.00250785592060566,2.98507462686567e-05,0.00459459712004734,2.98507462686567e-05,0.0713703155021813,0.0126807192678838
"ram_samp_72",0.945700992245477,2.98507462686567e-05,2.98507462686567e-05,2.98507462686567e-05,0.00871958642541483,0.000650546151921954,2.98507462686567e-05,0.0034436754773618,0.00189193696322855,0.0338577503543733,0.00561610939714834
"ram_samp_73",0.909117663414346,0.000215018017574805,0.000177984563313576,2.98507462686567e-05,0.0298417814265586,0.000400185288880953,2.98507462686567e-05,0.00688103978459615,0.00102975401132186,0.0502842481787573,0.00199262382211383
"ram_samp_74",0.9355530171932,0.00138319410795881,0.00066141098172406,2.98507462686567e-05,0.00977392295043773,0.00255609168809027,2.98507462686567e-05,0.00183430856185552,0.00147341699873815,0.0378332419828135,0.00887169404264431
"ram_samp_75",0.920242229178198,0.00034145570061813,2.98507462686567e-05,2.98507462686567e-05,0.0181029380985381,0.00127627056366655,2.98507462686567e-05,0.00236688790388971,0.00127627056366655,0.052535285554155,0.00376911019846234
"ram_samp_76",0.878131532915924,2.98507462686567e-05,2.98507462686567e-05,2.98507462686567e-05,0.0226644978829838,0.00185522551535859,2.98507462686567e-05,0.00550597505353845,0.0222994229291658,0.0646481175720521,0.00477582514590248
"ram_samp_77",0.94313372367412,2.98507462686567e-05,2.98507462686567e-05,2.98507462686567e-05,0.0188034334257566,0.00151197569464929,2.98507462686567e-05,0.00546430889033095,0.000276871570998761,0.029178308064421,0.00151197569464929
"ram_samp_78",0.917616841167298,0.000986548314683756,0.000412529773634696,2.98507462686567e-05,0.0256693455797933,0.000795208801000736,2.98507462686567e-05,0.00175190636941584,0.000795208801000738,0.051117500899635,0.000795208801000736
"ram_samp_79",0.946995462973906,0.000303194378590357,0.00217627041646693,0.000477955061550133,5.22559620327305e-05,0.00406278958380195,0.00760281367452562,0.00259300742967871,0.000132914738783396,0.0353001414020737,0.000303194378590357
"ram_samp_80",0.946050156161839,0.000142144241008023,0.000408321413723557,0.000300186937307871,3.40097645923369e-05,0.00377712625590452,0.00383535251243605,0.000761837971236374,0.0024587174472979,0.0419943456322019,0.000237801662452668
"ram_samp_81",0.956225076021838,0.000323633670492796,0.000320177400796042,0.000689998258348783,5.75009038426934e-05,0.0019066051916064,0.00628569889739446,0.00135705830982242,0.000202664231106386,0.0323632537594078,0.000268333355344723
"ram_samp_82",0.933591352396269,0.000850020161151488,0.00284277553637462,0.00111593446363303,0.000190040085112959,0.0245676536704391,0.00143310935454476,0.00181115619421731,0.000411101372718098,0.0321510169713283,0.00103583979421088
"ram_samp_83",0.950333238587553,0.000633015245244169,0.00141358106744777,0.000440408094310813,5.51937924440983e-05,0.00745029466643798,0.00522517521223421,0.00288854635485848,0.00208770609571452,0.0289158547770371,0.000556986106717844
"ram_samp_84",0.963086647204864,0.000621552298915575,0.00443670260851959,0.00152235167757207,9.16703114705736e-05,0.00138988118071083,0.00481645136618851,0.00241137590095203,0.00449557838490236,0.0160705560217565,0.00105723304414813
"ram_samp_85",0.92482176182966,0.000436371178198779,0.00920321754220004,0.00138602956426505,0.000676284875731309,0.00593106127863133,0.00209910638748674,0.00292214365541084,0.00118610148298793,0.0499318998330351,0.00140602237239276
"ram_samp_86",0.936293431606718,0.00246940163015812,0.00984884043341843,0.000653921902612472,0.000135213409028002,0.0028057516689668,0.000880856868555678,0.000901118919086322,0.000455353807412169,0.0445293661216676,0.00102674363237631
"ram_samp_87",0.951060226605696,6.1604688419861e-05,0.000133772738763507,0.00101422295295599,5.29445223786234e-05,0.000771738303801338,0.00134042254050926,0.000272335395423307,0.000370483943890665,0.0447365145731505,0.000185733735010932
"ram_samp_88",0.910998778374329,0.00181370790813749,0.0121367392598121,0.00118018854224015,0.000373284928834059,0.0190054229111201,0.00104014741925231,0.00121686597921315,0.0160578907034714,0.0340698465696685,0.00210712740392153
"ram_samp_89",0.933712801592626,0.00130317192226047,0.00540904321428964,0.000545663722654231,0.000247965947711699,0.00630213653911723,0.000289230985822546,0.000884626535707607,0.00359338153741242,0.0467123988605242,0.000999579141873535
"ram_samp_90",0.907099815662186,0.00201376981261344,0.0177723996691476,0.000811394620889331,0.000518315667906578,0.0133724579519322,0.000976721209751396,0.00132616149984622,0.00675939439744956,0.0480309228533798,0.00131864665489794
"ram_samp_91",0.9330613550805,0.0014128628477861,0.00748608990227574,0.00134521551673362,0.000364329216472604,0.0184787811983043,0.000958122455711072,0.00105583526723132,0.00142789558801999,0.0335678942080667,0.000841618718898461
"ram_samp_92",0.912250911669372,0.00165652699760564,0.0167942190538758,0.00102506233474316,0.000847553835044493,0.0155720293838193,0.00122585063768101,0.00186895520216306,0.00181075569406514,0.045303248095644,0.00164488709598606
"ram_samp_93",0.928157754422225,0.00103903006279941,0.00866187161607786,0.00268499780415216,0.00300897787993879,0.014865903871946,0.00132204714049808,0.00309090387611471,0.000960827975540574,0.0221535936226865,0.0140540917280208
"ram_samp_94",0.914012270214516,0.00271569906806119,0.0154330705072274,0.000676380175842276,0.000387505324330659,0.0166195207902216,0.000531942750086467,0.0018421965408713,0.000917109218768624,0.0456961501893968,0.00116815522067753
"ram_samp_95",0.920951574859157,0.00284763743768658,0.0155702590825119,0.000629694956531083,0.000555640115757943,0.0118786252699709,0.000563045599835257,0.00155908320823397,0.000229798816356132,0.0440036151973586,0.00121102545660022
"ram_samp_96",0.928425991222888,0.00218570413413312,0.0112360193465542,0.000601898971959425,8.10789455842479e-05,0.0152617020094378,0.000567746839082364,0.000742776520077301,0.000951958333949298,0.0393432247043752,0.000601898971959425
"ram_samp_97",0.932040050093675,0.00622583627624912,0.00917799930144074,0.000332180694631653,0.00110756809160969,0.0137947554540898,0.00045666949689877,0.00103643163317134,0.000378419392616583,0.0343176237135544,0.00113246585206312
"ram_samp_98",0.965987555455547,0.00032352615638857,0.000250107303858592,7.39020577866438e-05,2.98507462686567e-05,0.00061230697633982,0.00372037173344224,0.000480153041785857,0.00104303091118236,0.0274395556907939,3.96399266059872e-05
"ram_samp_99",0.952202410826493,0.000102695526519801,0.000458349453628331,0.000252670074095687,5.9845655783834e-05,0.00345784040514605,0.00285365722776891,0.000882563173914409,0.000882563173914409,0.0387018590854794,0.000145545397255769
"ram_samp_100",0.902105363988603,0.00207341905571407,0.0108029475484431,0.000622313827578464,0.000278856968848141,0.0180355765652059,0.00168416794915304,0.00221080179920621,0.00117184480154698,0.0599687968756889,0.00104591062001253
"ram_samp_101",0.976819770030306,0.000269359067413001,0.000109686853316772,0.000293657013036342,3.33218813577052e-05,0.000890692248352681,0.00326841978435089,0.0019806286663139,0.000255474527056808,0.0158825246979531,0.000196465230542983
"ram_samp_102",0.90641891472548,0.00170663889180106,0.0234345300363573,0.00138222533450692,0.000291726750349475,0.0215036830808958,0.000190103226377814,0.000651317681326122,0.000729489622842785,0.0419690973699581,0.00172227328010439
"ram_samp_103",0.926782409284657,0.00302322613616224,0.0112540527191008,0.00161255497540779,0.000427438282091048,0.0173746069965205,0.000851786517439945,0.00143669894994789,0.0023656775192252,0.0337598010208932,0.00111174759855458
"ram_samp_104",0.901631289728863,0.00399792537724892,0.0180602885804578,0.000559410980384854,0.000432461609192614,0.0134864840926459,0.000660970477338645,0.00100192021711209,0.00292429640945171,0.0566492702980072,0.000595682229296921
"ram_samp_105",0.887592352892187,0.00178889368993731,0.0276850304194666,0.000575074464102606,0.000268634856268926,0.0142653634374514,0.000559155523435921,0.00225452270443784,0.00165756242943716,0.0619664691451719,0.00138694043810353
"ram_samp_106",0.92911777195352,0.00249459800023503,0.00669616197202228,0.000444898858983202,0.000301228358428167,0.00414201973993276,0.000671578982081145,0.0058724511021734,6.17775241697756e-05,0.0495738246932249,0.000623688815229468
"ram_samp_107",0.941996545345936,0.00213020788761275,0.000873778030087993,0.000366664774340051,2.98507462686567e-05,0.00729595112713469,0.00146793311331507,0.00188043568702048,5.63417372405642e-05,0.0437816145500146,0.000120677001029482
"ram_samp_108",0.904337304125262,0.00260215419848251,0.022479598647936,0.000666831103511189,0.000166999627014657,0.0151954692038707,0.000834457513311856,0.00201089013482199,0.000194429403163857,0.0509303720204674,0.000581494022158122
"ram_samp_109",0.908113273533809,0.00279377986912727,0.0228710339925986,0.000755040070583044,0.000321750851653064,0.0142462980663186,0.000485944660931794,0.00139813249025806,0.00315409406171115,0.0439197681543024,0.0019408842487072
"ram_samp_110",0.945567746308376,0.00249697866508319,0.00754250960214334,0.000652991303082637,0.000125229402923858,0.00833733174093667,0.00106311952670001,0.000643453437417117,0.000528999049430876,0.0325603312428026,0.000481309721103275
"ram_samp_111",0.91566290380793,0.00221303294933409,0.0165054848400598,0.000569754490304465,0.000175539058151336,0.0195477995881981,0.000831136461623389,0.00111394318468977,0.000241955788568438,0.042459429106924,0.000679020724216474
"ram_samp_112",0.884950898583622,0.00390279111348544,0.0225889376959218,0.000883795281579263,0.000369128373092399,0.0278994951259512,0.000581895698388644,0.00190450339617611,0.00114831682113675,0.0527932721856118,0.00297696572503421
"ram_samp_113",0.893365901273303,0.0011479919597914,0.0252332603002682,0.00124931219920446,0.000485791823627444,0.0148660286603244,0.000789752541866634,0.00193684239522167,0.00141214829826117,0.0543013132718804,0.00521165727625106
"ram_samp_114",0.889683391033523,0.00686224024571675,0.0160818084293026,0.000958390495686552,0.000345138497003838,0.0135733652256513,0.000667355648854077,0.00119052543304102,0.00919744842149161,0.0602671346394758,0.00117320193025338
"ram_samp_115",0.918672044848584,0.00244740411106917,0.0165583436530858,0.00145750868763535,0.000384793328376399,0.0146810917743827,0.000341411457229897,0.00115777939607771,0.00796478935961062,0.0350587397938349,0.00127609359011362
"ram_samp_116",0.890869640900767,0.00498665680178706,0.0245415290427882,0.000525531351820497,0.000182367855669223,0.0167413683048736,0.000351226083934136,0.00131535209693057,0.00167485671194619,0.05812252830902,0.000688942540463961
"ram_samp_117",0.886073884422358,0.0261041879215699,0.0215609009117757,0.000909596321801553,0.00131436189176504,0.0134408079469978,0.000360271619708242,0.00171912746172854,0.00271039008204728,0.0438106164770137,0.00199585494323419
"ram_samp_118",0.927864084683218,0.00240647806787268,0.016448242009364,0.000914674227513319,4.26742749823475e-05,0.00651855627539618,0.000470125232105372,0.00237655650087406,0.00352212506596377,0.0376198879156674,0.0018165957470429
"ram_samp_119",0.941224301318844,0.00622465211943224,0.0105623467300274,0.000473289165337956,0.000146545067076367,0.00932538692946568,0.000283244128593971,0.00072334842421162,0.000306582992755513,0.0300102888234952,0.000720014300759972
"ram_samp_120",0.952282064870966,0.000491406450624924,0.00698416320452248,0.000500699518497869,5.15345713055283e-05,0.00413119136752838,0.00125963339478838,0.000921985262071376,0.00160037921679636,0.0316789422322283,9.79999106702534e-05
"ram_samp_121",0.924598249082219,0.00110879419517286,0.00937530310347962,0.00158242033441347,0.00100251711027009,0.0164057633069389,0.00071834142672573,0.00282540015349369,0.0104912124949587,0.0290296326962592,0.00286236609606856
"ram_samp_122",0.920111468019543,0.000266754022009133,0.00882370034175516,0.00110065355261561,0.000238325628920275,0.0139218588356902,0.00461156009908947,0.0049763911437298,0.00230886025889204,0.0431272946689761,0.000513133428779229
"ram_samp_123",0.910873584156477,0.00292994484574214,0.0158452330185806,0.000588612331926373,0.000309231539097515,0.0179466624602933,0.000394260476045428,0.000925691331969887,0.00326398709803751,0.0449949746529742,0.00192781808885601
"ram_samp_124",0.927481579318803,0.00117913303777019,0.00874036291268911,0.0012715686108132,0.000116123947775474,0.0115565667047331,0.00078782244522141,0.00134859825501572,0.0037026241818446,0.0432373187723436,0.000578301812990567
"ram_samp_125",0.92746021169727,0.000822659504778126,0.0159782924530087,0.0011336319057452,0.000405751450734353,0.0116622689099162,0.000426255125523391,0.000846580458698669,0.000279312122868619,0.039359316270775,0.00162572010068212
"ram_samp_126",0.921263265454296,0.00471136632625959,0.0183575639653588,0.000541491793262201,8.46694298751079e-05,0.00735728145499763,0.000384344900257041,0.00107506031369833,8.83240087822046e-05,0.0455805222443225,0.000556110108890588
"ram_samp_127",0.931596612617123,0.000446237633802154,0.0138058507715116,0.0015192346132154,0.000286088830904655,0.0161312113895832,0.0020765524472987,0.00318478216334939,0.000494282274671404,0.0295132453596983,0.000945901898842351
"ram_samp_128",0.961508249534307,0.00057357799299721,0.00572604095009159,0.00113744328590089,0.00105113737372176,0.00479106023481763,0.000136294704622924,0.000539055628125555,0.00172432348871901,0.0214337169666943,0.00137909984000247
"ram_samp_129",0.919718168581386,0.000496567975289764,0.0136219665388132,0.00146821320062026,0.00149823594634676,0.0114548701654637,0.000485650613207399,0.00206866811515034,0.0182673041048595,0.0237860306374951,0.00713432412136774
"ram_samp_130",0.999405963652844,6.16017834430292e-05,5.18322335432223e-05,2.98507462686567e-05,3.71779086935119e-05,0.000115334307891967,2.98507462686567e-05,3.47355212185602e-05,4.20626836434154e-05,0.000151970120016243,3.96202961684636e-05
"ram_samp_131",0.911995409869939,0.00329650577921944,0.0186203900848951,0.000817397460494484,0.00030160982371278,0.0186564397584337,0.000800759149630557,0.00119730555855412,0.000126907559641558,0.0420887275584628,0.00209854739701678
"ram_samp_132",0.947208325182101,0.000676603635713165,0.00771366119399744,0.00062351198060951,0.000473890043499214,0.00170706439613408,0.00105065847848891,0.00165155948398025,0.000821399058723129,0.0360042735930943,0.00206905295365899
"ram_samp_133",0.951891688970553,0.000157513773149192,0.00281388675554801,0.00278442605703712,0.000167334005986155,0.00501852902744647,0.0101446905683417,0.00280897663912953,0.00191042533454731,0.021207182859182,0.00109534600907928
"ram_samp_134",0.924435845288228,0.000755655025121386,0.00725711738162906,0.00240474389898112,0.00585167305367394,0.0101321230233036,0.00114548629856878,0.00387943457156176,0.0202292659414775,0.013389265900134,0.0105193896173205
"ram_samp_135",0.923135540149727,0.00176932576019645,0.00928284100824783,0.000912298404691318,0.000178741091928448,0.0187609825246394,0.00194000493692841,0.00422056925581497,0.000167846676392365,0.0391553284081854,0.000476521783248028
"ram_samp_136",0.902712732261568,0.0013665330299101,0.0278396389355883,0.00146848337357766,0.000868109127535321,0.0187490666252304,0.000794478323775411,0.00295242726473891,0.000791646369784645,0.039849955810426,0.0026069288778655
"ram_samp_137",0.896989248191916,0.00122742740534493,0.0259652744191797,0.000966184980794814,0.000472152276942615,0.0147861678953618,0.000410074869128727,0.00179129719298775,0.00268107337165349,0.0526275210752449,0.00208357832144481
"ram_samp_138",0.954501610764738,0.000790440424623836,0.00727385405382888,0.00112779874970073,0.000395833414079348,0.00811213837674722,0.000996944611489087,0.000647318710954852,0.00107463925605225,0.0244300583309212,0.000649363306864409
"ram_samp_139",0.957825221686586,0.000881552132667557,0.00311369569903515,0.000710068632050328,0.0010273131081922,0.0039453906770287,0.00187044031956024,0.00528867809853032,0.00174754381078456,0.0200162527432066,0.00357384309235803
"ram_samp_140",0.926799032310023,0.00423495756991793,0.0160588042240197,0.00102723645042418,0.000721585992699104,0.00974310055544783,0.000483500372997462,0.00259731459115934,0.00256835823200644,0.0333650548777378,0.00240105482356745
"ram_samp_141",0.904687939627644,0.00534209420284529,0.0190305717239117,0.00139024268013917,0.000882893585971739,0.0166952736875233,0.000363109464986479,0.00195976690839575,0.00136537262650351,0.0460817290634173,0.00220100642866163
"ram_samp_142",0.883231764420446,0.000340163697825669,0.0180439974495423,0.000820029086831359,0.000311371774485328,0.0314994229572618,0.00117512947469556,0.00350727526526322,0.00260512833393253,0.0574857333232166,0.000979984216499921
"ram_samp_143",0.92788120489856,0.00108537185607672,0.00756501560948771,0.000591997966223093,0.000340825804115792,0.00905111756862256,0.00178207559144579,0.00498153051352689,4.48014702036151e-05,0.0465176317496284,0.000158426972109299
"ram_samp_144",0.953361967721527,4.55201076806674e-05,0.00557158156564978,0.00276676587289986,0.000740195130279808,0.00281377395713589,0.00679901487625727,0.00396808358115402,0.00109014420181472,0.0215752226877834,0.0012677302978175
"ram_samp_145",0.937567894633908,0.000249154694404334,0.000970084914712422,0.000531477018441068,7.27032418813753e-05,0.00190527761308411,0.00323118424204234,0.00126753164896541,9.28691221697134e-05,0.0540466818336183,6.51410367732484e-05
"ram_samp_146",0.950738004968292,0.000171818789723566,0.000220862295644353,0.000135681469571408,2.98507462686567e-05,0.0220478036675483,0.00560790423546973,0.000192468686953371,0.000344761679023183,0.0203958118891639,0.000115031572341602
"ram_samp_147",0.94604250614318,8.87286719995792e-05,0.0012191848460333,0.000354856896303349,6.51775017072103e-05,0.00251920944617206,0.0167158548984121,0.00101193454746045,0.000251231747016925,0.0315884189380432,0.000142896363672028
"ram_samp_148",0.932556950783781,0.000502627253334705,0.0112505844764721,0.00136081939116112,0.000530891066257132,0.0154361982265297,0.000697904506253292,0.000607974192409206,0.000425544127182632,0.035734754779909,0.000895751196710279
"ram_samp_149",0.913160098261444,0.00077900926141747,0.00866652274733658,0.000542228590826394,0.000165708508083208,0.0360593291794878,0.000460713933737663,0.000705257905003856,0.00387656623078924,0.0352597092099506,0.000324856171923111
"ram_samp_150",0.903147089662357,0.00113380314058118,0.0141593721901814,0.00128616460904562,0.000353284740728258,0.0243248224458002,0.000684737759843881,0.00075156296531074,0.00025705644485598,0.0527549378596209,0.00114716818167455
"ram_samp_151",0.899984900748995,0.00183210587621607,0.0131153152655232,0.00150169243572572,0.000488606597527999,0.0192320599489811,0.000709792454385182,0.00144707864390913,0.0301493569331172,0.0292345759201893,0.00230451517542957
"ram_samp_152",0.898545343340361,0.00411297277348085,0.0101184193448435,0.000605675647542172,0.000262507272035733,0.00303984454838022,0.0012542057131179,0.00259488894285068,0.00319979590984508,0.075593782108843,0.000672564398700206
"ram_samp_153",0.903740994247724,0.00202314598563272,0.0231636407171133,0.00186667571087034,0.000706754761001502,0.0103296766588871,0.000380208100627868,0.00197892612537378,0.00593150132697964,0.0476478371897113,0.00223063917607846
"ram_samp_154",0.917113918732582,0.00361360445540683,0.0286785847691499,0.000683931431722568,9.98221684334939e-05,0.0049947794842258,0.00024889172000206,0.00159660215561175,0.00105204195702453,0.0410696109638188,0.00084821216202262
"ram_samp_155",0.961874169390926,0.000109240491029213,0.000570457103447685,0.000162166987536251,6.00944585583924e-05,0.000857772370200174,0.00448323738093225,0.00312227032789414,0.000354970653383317,0.0282132101362662,0.000192410699825987
"ram_samp_156",0.902668275947095,0.00358990477812317,0.021777072132096,0.000773653105072296,0.000275785397163408,0.0132203458027945,0.000566708093953542,0.00176638931783038,0.00537443059863996,0.048397998489923,0.00158943633730854
"ram_samp_157",0.906797671374979,0.00561589417682738,0.0158548335529933,0.00044933906519184,0.000226753426579539,0.0102003022336307,0.00029952180843356,0.000650522238552959,0.000183948496077173,0.0577951044592111,0.00192610916752345
"ram_samp_158",0.938375510286685,0.000110095004052722,0.00292971219998245,0.00143550877917572,0.00067457185191304,0.00268621238325839,0.010992876585595,0.00723799872997516,0.0094128948202605,0.025226547690465,0.000918071668637098
"ram_samp_159",0.939322690925289,0.00281021742774928,0.010239049694673,0.000511610134396173,0.000163103342984779,0.00674885668068543,0.000222041991532294,0.000988244422649995,8.87893948161722e-05,0.0382195324551218,0.000685863530101872
"ram_samp_160",0.930825437268911,0.00265780814683245,0.0124023143096101,0.0010053043997222,0.000423542837765331,0.0107372725978024,0.000573998414133488,0.00149930020879765,0.000232965774365668,0.0375559790854263,0.00208607695663345
"ram_samp_161",0.906042232179328,0.00197054951313568,0.0212479465475361,0.000684125411971379,0.000503962822864832,0.0151666689783959,0.000421783396254829,0.00162918881798642,0.000330121728112901,0.0494860618296044,0.00251735877480993
"ram_samp_162",0.920880640748661,0.0047263199887129,0.0133718998961419,0.000746069383000658,0.00246725883411946,0.0110958533193335,0.000378051901675914,0.00271920926364178,0.00684949776558641,0.03401768059846,0.00274751830066676
"ram_samp_163",0.893249004791412,0.0038595802423727,0.0290041641599597,0.00097562291546891,0.000903070529886425,0.020132043865873,0.000296739878947085,0.00206131754257824,0.00140316375907998,0.0434213596378507,0.00469393267657128
"ram_samp_164",0.924437590000221,0.00489557572939494,0.0136481856295468,0.000816482217571443,0.000172227483156039,0.00902094168070685,0.000784447451771782,0.00192702076529303,0.00194837727582613,0.0402441600801097,0.00210499168640226
"ram_samp_165",0.971993181381399,0.000184081269017509,0.000662727718927739,0.00044999596341208,0.000141534917914378,0.00213589512587367,0.0036728820594743,0.00288045627017847,0.000290447146775338,0.0172398497674854,0.000348948379542144
"ram_samp_166",0.946481436095422,0.00240294178761203,0.00686295700943088,0.00141531713364118,0.00399081888145208,0.00846828330210436,0.000811574854005297,0.00116404867044012,0.00119894706810693,0.0254289045681761,0.00177477062960937
"ram_samp_167",0.912211047859857,0.00693206202086569,0.0182125416412891,0.000516845300242938,0.000315491782734342,0.0132864044222417,0.000516845300242939,0.000530893220069119,0.00148615176824944,0.0449597809903383,0.00103193569386958
"ram_samp_168",0.776060633501271,0.00444467808429129,0.0139573644489036,0.000830490540151861,0.00201109498197964,0.0201725004759969,0.00061789127284954,0.00175326182801724,0.140241329226481,0.0365516908356075,0.00335906480444967
"ram_samp_169",0.905463892039799,0.00430073844378028,0.020200704329341,0.00110292019280539,0.000899714350770188,0.0171027064919975,0.000568167976923293,0.00252536108705174,0.00818303953108424,0.0369527087455406,0.00270004681090656
"ram_samp_170",0.972064654432925,6.58496049829694e-05,0.000785826779269223,0.000148132710615684,2.98507462686567e-05,0.00099153454335101,0.0097752560696433,0.00138752198920844,0.000893823355412161,0.0137762720810341,8.12776872891034e-05
"ram_samp_171",0.974663156250783,5.56856590320584e-05,0.000796286491582908,0.000279588236314874,3.4156565062557e-05,0.000572383914300092,0.0037500781841985,0.000395845343750181,0.0114790229192495,0.00779324203167087,0.000180554404055167
"ram_samp_172",0.952540351488184,0.000668643291438754,0.00201193275785359,0.00073799791062865,0.000102855608573811,0.00490292530513768,0.00508543746090058,0.00673534734899704,0.000332820924835046,0.0265269655199243,0.000354722383526592
"ram_samp_173",0.900256124296179,0.00401026611027165,0.0229623889913277,0.000817265037877235,0.000723353241630339,0.0214525762670507,0.000571649570769971,0.00127960003478503,0.000838936990857286,0.043586864244011,0.00350097521524041
"ram_samp_174",0.887687878902654,0.00570044283734366,0.0223151913538115,0.00103105117635191,0.000288781891979844,0.0188282519249008,0.000668547572356252,0.00115188571101713,0.00329238318222961,0.05792685492729,0.00110873052006527
"ram_samp_175",0.903838796566631,0.00118080886534794,0.00963126452911429,0.00090821352135548,0.000332734461815838,0.0228067061554167,0.00215003675509892,0.00166542281022343,0.00221061349820836,0.0547609381456442,0.000514464691144146
"ram_samp_176",0.916495329781935,0.00762981188339216,0.00821992651286292,0.000459025022247395,0.000512671806744738,0.00729004891490899,0.000298084668755368,0.00056631859124208,0.0144608357760537,0.0429293960826434,0.00113855095921373
"ram_samp_177",0.94760094447686,0.000341531459719562,0.00304692005247342,0.00047867097363796,4.8551589075711e-05,0.00628216585809381,0.0030406864382044,0.00126410637153425,0.00215551321200383,0.0353931444944084,0.00034776507398858
"ram_samp_178",0.926677568540081,0.00202249315296618,0.0176117098812585,0.000957214157500198,0.000319949044141087,0.0101737797522014,0.000600535922411144,0.00101903838491563,0.000400796110761274,0.0387508399475364,0.00146607510622724
"ram_samp_179",0.917216127384035,0.00128305024421745,0.0140295568494803,0.000481454168952905,0.00054354963957199,0.0105239852808939,0.000255652457610781,0.000532259554004883,0.00132256554370232,0.0527545503446547,0.00105724853287532
"ram_samp_180",0.894012941182633,0.00314942427045058,0.0312515824341227,0.00101771569559293,0.00028981520661715,0.0131060631017979,0.000614770782052768,0.00151164817025507,0.000770749458261863,0.0528546290890825,0.0014206606091331
"ram_samp_181",0.916998158516638,0.00221639300333413,0.0168417088326301,0.000600253074198776,0.000139928388500785,0.00818059980063853,0.000600253074198777,0.00149588479963291,0.000560224840659822,0.0515311767233277,0.000835418946240142
"ram_samp_182",0.950226559076288,0.000873745996240316,0.00690696726096307,0.0007729823843034,0.000710005126842829,0.00496726773117747,0.00118863228354317,0.00108786867160626,0.000722600578334944,0.0312161886407437,0.00132718224995643
"ram_samp_183",0.890620624064208,0.00292729110414553,0.0200661682210511,0.000469640800589252,0.000456705798991589,0.0155647876650638,0.000275615776624284,0.00127161089964446,0.00153031093159775,0.0654421538256586,0.00137509091242577
"ram_samp_184",0.902778821185382,0.00148856998088411,0.0172896850004427,0.00166294561352779,0.00164953210332443,0.00820873859276769,0.000928555929893809,0.00251135013389034,0.0203580254594614,0.0370511389075435,0.00607263709288254
"ram_samp_185",0.924945853243408,0.00136781796998832,0.00696891605359903,0.0010333261640584,0.000226610632109783,0.00925133072935609,0.0038929031716161,0.00309274630252885,0.000443046506535021,0.0483999893488787,0.000377459877921312
"ram_samp_186",0.891512140034814,0.00988457601053116,0.0220596915574671,0.000519813634641933,0.000223986985058068,0.0151447436234443,0.000473590720644454,0.00101902110581471,0.00408822259524731,0.0537778551425372,0.00129635858979958
"ram_samp_187",0.907541756858,0.00197910798614217,0.0183471356915506,0.000517165056237032,0.000216176805962448,0.021443014837232,0.000595995312261328,0.00057449615152743,0.000796654145777719,0.0463963740623774,0.00159212309293198
"ram_samp_188",0.901133325731525,0.00348456502371731,0.0209712224621943,0.000437887865652355,0.000233869305960506,0.0167548388952294,0.00127209708750347,0.000524029035300025,0.000836857493494193,0.0535915232840355,0.000759783815388383
"ram_samp_189",0.921743883586548,0.00141585055483367,0.0110300041564994,0.000986385825419158,0.000556921096004647,0.00795542711637281,0.000322667607233096,0.0023479842289038,0.00538351902090182,0.0465828513585984,0.00167450544868559
"ram_samp_190",0.954264207201826,0.000595602381058395,0.00268716903088713,0.000572743729147698,2.98507462686567e-05,0.00611025215451392,0.00120707131966953,0.00109849272309372,0.00183568424721368,0.0315519317311191,4.6994735201679e-05
"ram_samp_191",0.956451053505175,0.00102563576103101,0.00124280164191003,0.000387379940398756,4.83892970754027e-05,0.00541397557342786,0.00246104926635333,0.002484884545962,0.000241719898345753,0.0299960939431729,0.00024701662714768
"ram_samp_192",0.946090121241525,0.00151221644704198,0.00503091150147277,0.000558167933741501,4.01093324331779e-05,0.00504629938071955,0.00161993160176946,0.00289199628617008,0.00114803663820147,0.035955419494422,0.000106790142502566
"ram_samp_193",0.965418403977265,0.000441161863382676,0.00111951825802595,0.00167816470067334,4.82676619603292e-05,0.00247930053326111,0.00430871415863391,0.000462648265022961,0.000171047099904813,0.0223664999943188,0.00150627348755108
"ram_samp_194",0.953559590027903,0.000467517245715688,0.00320749189329554,0.000348982568782117,6.63229545559093e-05,0.00252819701394546,0.00312998845068513,0.00264217266484313,0.000513107506074754,0.0331466158710941,0.000390013803105276
"ram_samp_195",0.911080385657174,0.00758823428380335,0.00756191155506566,0.000823292998218816,6.36942546456778e-05,0.0133717138264542,0.00501612764714975,0.00153400667413626,0.00024043257617012,0.0524835283408316,0.000236672186350451
"ram_samp_196",0.936564931273579,0.0035511790082178,0.0125995985012467,0.00153192435992257,0.000735915289213758,0.0106118244376688,0.00150044377520527,0.00173429954739091,0.00208058597928118,0.0277687431085959,0.00132055471967786
"ram_samp_197",0.937373961619055,0.00223610243165079,0.00629501621677787,0.000615483497480277,0.000317142284598886,0.00812557896742048,0.000622849947181052,0.000302409385197335,0.00136686136695933,0.0421622598098518,0.000582334473826789
"ram_samp_198",0.940571587208233,0.0043007448291746,0.0075088357762422,0.000325073839557086,0.000266029220899399,0.00748915423668963,0.000679341551503202,0.000344755379109648,0.00136163492265868,0.0354041378354067,0.00174870520052574
"ram_samp_199",0.908234078415045,0.00125301380631079,0.0229731519680885,0.00114059073093927,0.000650426122319446,0.0113036367445247,0.000600959969155979,0.00223334302355045,0.00116307534601357,0.0484796993083789,0.00196802456567366
"ram_samp_200",0.926105467899562,0.00210630699823411,0.0165148875758969,0.000485658216212293,0.00026197492077699,0.00810777201915866,0.000548964809260021,0.000489878655748808,0.000633373599990323,0.0435932276421781,0.00115248766298168
"ram_samp_201",0.915595314091333,0.000990749760171597,0.0165344553947602,0.00160030684388094,0.000491251594354209,0.0122887209853124,0.000448921241318837,0.0011389059957954,0.00419939052025278,0.0428766340886719,0.00383534948414858
"ram_samp_202",0.895413270313804,0.00153403112542875,0.0217337179591175,0.000908097999907297,0.000476252665245203,0.0140138760776861,0.000616966313618244,0.00191250231760452,0.00136420430842681,0.0596342113191805,0.00239286959998146
"ram_samp_203",0.912429773817897,0.00665753060904719,0.0094208806834129,0.000618493365660172,9.52554817566027e-05,0.00577456667995991,0.000972769016219879,0.00201924478402701,0.0285572162082611,0.0310534969460511,0.00240077240770669
"ram_samp_204",0.925645051431652,0.00356748571420592,0.0123326341719545,0.00102974426613192,0.000105866043100366,0.0147066503653142,0.00152092003027527,0.0021115004133524,0.00454398991196712,0.0335759859711547,0.000860171680891947
"ram_samp_205",0.92412952755665,0.0025948497382103,0.00580792028396698,0.00178987665031371,5.71379695871848e-05,0.00907556527636073,0.00188538193192857,0.0029564054471808,0.0298070331926126,0.0217027278670096,0.000193574086179825
"ram_samp_206",0.923278323307084,0.00167017584229265,0.0193518463616114,0.00107796678183699,0.000419956714664047,0.0110092187242401,0.000645560166266201,0.00162317512320886,0.00141637195924023,0.0373390215549748,0.00216838346458074
"ram_samp_207",0.891157147479216,0.0087092441113571,0.0243989167328631,0.000719751244519277,0.000170798159889751,0.00790806933919509,0.000445274702204514,0.00213664366565765,0.0250739806612589,0.0383675472512063,0.000912626652632353
"ram_samp_208",0.946629714658134,0.00109144015739009,0.008561029419701,0.00119913763388066,0.00036063585263258,0.00738020351675071,0.000256784714588093,0.000887584219747201,0.000368328529524764,0.0313621237281352,0.00190301756951552
"ram_samp_209",0.969994871201641,0.000337494859973313,0.000299566133626163,0.000687282002952579,8.88509872531113e-05,0.00838681345142389,0.0032917212121235,0.000459709644869682,0.000864282725905942,0.0155300569134703,5.9350866760884e-05
"ram_samp_210",0.96989267413532,0.000948306774060467,0.00132963003559903,0.000493179010288632,4.21514966408685e-05,0.00159614629366361,0.0019036650529689,0.00114511878001585,0.00121482303212505,0.0213552516415597,7.90537477575037e-05
"ram_samp_211",0.922840633512092,0.00227724428501782,0.010558548961136,0.000406686430543769,0.000129734903546398,0.00825667315478076,0.00055651266646038,0.00047024907608415,0.000810763248621903,0.0527550652220142,0.000937888539702663
"ram_samp_212",0.947171827911214,0.00198637968173962,0.00202630884368801,0.0011079381188751,0.000143934066121191,0.0170853070642225,0.00218602549148155,0.00174110054405667,0.00160420056023363,0.0244379770287184,0.000509000689649301
"ram_samp_213",0.926873527877107,0.00426991953623154,0.0162433306752824,0.000708755501575669,0.000535943382042974,0.0108552956627096,0.000727271085811315,0.00293062560985316,0.000184147281565705,0.0351292265956412,0.00154195679217973
"ram_samp_214",0.899928004232708,0.00465013453414553,0.0201804484397956,0.000405633827682641,0.000165379070713044,0.0205439107644419,0.000596605557581552,0.000818379179399642,0.000116096043642358,0.052023444305843,0.000571964044046209
"ram_samp_215",0.929116652925166,0.00336949816015047,0.0128840144903242,0.0007256106241607,0.00247080831787323,0.0153133760639639,0.000737206622125568,0.00240703032906647,0.00162430046643792,0.028776329701175,0.00257517229955705
"ram_samp_216",0.945608807311887,6.14580182246145e-05,0.00235614596222716,0.0011929983542479,0.000440745281696108,0.0008958899978619,0.0206504349703355,0.000927497269817858,0.0159219870857243,0.011623398099714,0.000320637648263468
"ram_samp_217",0.96323417329847,7.09083000165099e-05,0.00026387880263142,0.00019408096126007,2.98507462686567e-05,0.00436963417741673,0.00524005431687121,0.000107860098389578,0.000797627001353511,0.0255553319113089,0.000136600386013075
"ram_samp_218",0.94600575528527,6.50034384140204e-05,0.00052638252282192,0.000210008293513645,4.30330058231681e-05,0.00738555157768603,0.00712630047311396,0.000684569637476056,0.000478047571122044,0.0374059506698266,6.93975249321908e-05
"ram_samp_219",0.934350383388712,0.00409415939259805,0.00934448145053053,0.000837047933867178,0.000327239183804954,0.00606612796054707,0.000787483194277794,0.000844128610951376,0.00596345814282621,0.0357624876516716,0.0016230030902131
"ram_samp_220",0.9157288084719,0.00364953885959401,0.0108801718782415,0.000408723093074048,0.000210543711668151,0.022150166994368,0.000542785615789802,0.00155408334149342,0.000813825063889043,0.04336701841547,0.000694334554511958
"ram_samp_221",0.905984953558112,0.00110126671403517,0.0159321085497294,0.000795661488329959,0.000231190659674445,0.0225080139357864,0.000849591822277938,0.000935880356594705,0.000144902125357678,0.0508861556592129,0.000630275130889491
"ram_samp_222",0.907069191679568,0.00217639658840411,0.0186332480447759,0.000295283834274654,9.90941605310908e-05,0.00665798423372276,0.000429923806451609,0.000614572911151434,0.000376067817580826,0.0630452045814317,0.000603032342107695
"ram_samp_223",0.956861795607053,0.000105297653355522,0.00032220751123026,7.70050631979476e-05,3.45661779615858e-05,0.00540544287620781,0.00759340318172691,0.000359930964773692,0.000147736538591883,0.0290344710894755,5.81433364262313e-05
"ram_samp_224",0.950508016012869,0.000146103408440044,0.00136443130799619,0.000425109797651376,0.000383258839269675,0.00158763641936525,0.00782342921823851,0.00160158673882582,0.00115052640960084,0.0340779304430248,0.000931971404718627
"ram_samp_225",0.975811215821963,0.00200380917225553,0.000691975165886894,0.000509890950491878,0.000174690463060146,0.00278180536530696,0.00273214603383559,0.00148652446942878,0.00120512159109102,0.0120349941294719,0.000567826837208476
"ram_samp_226",0.916133850994557,0.00489567144544067,0.0135287312324406,0.00113786224268864,0.000944549598632389,0.0117087634127891,0.000322177183622015,0.00141132890989017,0.0107091955947422,0.0374004853021188,0.00180738408307859
"ram_samp_227",0.962580500648874,0.000531404112171382,0.00194542203531882,0.000464933184160178,0.000156749790653683,0.00167349551163662,0.0018185229909338,0.00125654150865725,0.00151638240906469,0.0271258181282906,0.000930229680238609
"ram_samp_228",0.931584494766107,0.00144869094533414,0.0159031254733137,0.000644259225328263,0.000333887931782689,0.00671233471954583,0.000536579388792044,0.00208843585651991,0.000948296410842296,0.0379838260712703,0.00181606921116359
"ram_samp_229",0.949915462389573,0.000306203603621613,0.00187928909932306,0.00101834365910808,0.000199914043101245,0.00351614833133672,0.00560473819556195,0.00421765943077115,0.00112994769765446,0.0314490448360893,0.000763248713859193
"ram_samp_230",0.916314010607284,0.00544312650691971,0.0146111424760223,0.000467519850321295,0.00039380715911243,0.00910111880815966,0.000476733936722404,0.00124611015121494,0.000969687559181691,0.0482471648832677,0.00272957806179335
