"","other","Saprotroph","Ectomycorrhizal","Wood_Saprotroph","Animal_Pathogen","Plant_Pathogen"
"1",0.179121154788894,0.354067276670319,0.314569650182373,0.0847122780970502,0.0308759614191809,0.0366536788421821
"2",0.16694091725865,0.319775847838148,0.368139857514405,0.0860431835105317,0.0279916630382823,0.0311085308399829
"3",0.158668331751319,0.307843070239882,0.409655757529983,0.076135146108827,0.0233624050592231,0.0243352893107659
"4",0.126383260619985,0.265337543381868,0.477011148630494,0.0825797909421381,0.0222207831505438,0.026467473274971
"5",0.0763579728661293,0.152756246454328,0.701637210662806,0.0370470787261659,0.0163469089977242,0.0158545822928462
"6",0.134990346697147,0.258876765420362,0.476845041512185,0.075911539569044,0.0258908405548132,0.0274854662464491
"7",0.119780552983389,0.225796734511707,0.554993525964656,0.053587495253635,0.0232005634363563,0.0226411278502572
"8",0.0619512264790026,0.139720966047941,0.736057797784722,0.0337718248765422,0.0137378263890717,0.0147603584227204
"9",0.129064315894322,0.263415912652966,0.491493055972787,0.0749966423922,0.0197047051692404,0.0213253679184835
"10",0.0728382803854783,0.174536311956087,0.665813702049344,0.0563409553329684,0.013650991459993,0.0168197588161293
"11",0.107378216506706,0.220644883316064,0.580595933327381,0.0496028210826839,0.0206158361889446,0.0211623095782202
"12",0.111430146866485,0.231645917913255,0.558356658827514,0.0530304860314705,0.0220646840318474,0.023472106329428
"13",0.072649661831798,0.166802421970107,0.681676557600949,0.0428684937543076,0.0165891067234622,0.0194137581193757
"14",0.0448836359367099,0.108230649258016,0.797630171285587,0.0307347926662906,0.00879025586936773,0.00973049498402837
"15",0.0495217535857959,0.11305164470187,0.785873723592223,0.0280125806976722,0.0114594376750811,0.012080859747358
"16",0.0499018070539416,0.11215613165206,0.784156845262254,0.02983199653097,0.0115807245958677,0.0123724949049074
"17",0.0663728059840492,0.138673161097178,0.728080543629919,0.0361291077697993,0.0152291357621856,0.015515245756869
"18",0.0600409288845754,0.124165396626597,0.756721806440587,0.0310216251828309,0.0140813682692725,0.0139688745961372
"19",0.111319879668054,0.233529578800699,0.552084599546471,0.0580659825690074,0.021274779025912,0.023725180389856
"20",0.065097032505381,0.141581526236554,0.725666482813245,0.0361565143211159,0.0152140729194149,0.0162843712042896
"21",0.0577849364173776,0.120202820655491,0.763685274388542,0.0324947924387547,0.0130171361665401,0.0128150399332947
"22",0.156768846575786,0.289126903255092,0.4250842772971,0.0681100522791388,0.0300416008633116,0.0308683197295716
"23",0.121576149578732,0.232415001475952,0.53972486253931,0.0570652509933984,0.0245816662154087,0.0246370691971985
"24",0.13534686262434,0.224944712988077,0.49245428017594,0.0894347823134492,0.027133376126273,0.0306859857719209
"25",0.1095941182486,0.189230277504287,0.579606122632577,0.0743689633408068,0.0222165169909726,0.0249840012827561
"26",0.0463280719674024,0.105773112982779,0.79540026549765,0.029694122315596,0.010984778308943,0.0118196489276293
"27",0.0893120659535528,0.194128805971817,0.65556950782403,0.0343571746168278,0.0135456308489278,0.0130868147848454
"28",0.102226344311426,0.202046051672986,0.593204687337815,0.0612002954666344,0.020387999156023,0.0209346220551156
"29",0.101487741374273,0.209726736214368,0.59484357672355,0.0502050687720291,0.0213152421186645,0.0224216347971155
"30",0.216382055428267,0.468158724695958,0.0804695736962237,0.116403092362118,0.0336287457221865,0.0849578080952468
"31",0.226510116391371,0.474944185219325,0.0750174704490932,0.110209458834599,0.0333303348366356,0.0799884342689768
"32",0.0593140448614375,0.122909733289627,0.75950320443917,0.0309044320257961,0.0137384336302901,0.0136301517536791
"33",0.119738268798305,0.228813268819703,0.546455905822237,0.0557478162676585,0.0246635180038593,0.0245812222882374
"34",0.083817514459917,0.173376440982274,0.664395900357176,0.04185330166468,0.0181129235045517,0.0184439190314004
"35",0.0999911851038005,0.193057561825866,0.616550628136416,0.0497940834038492,0.0206749372440487,0.0199316042860205
"36",0.16518676990931,0.261914895872817,0.429637317377803,0.0812294659308285,0.032549744841338,0.0294818060679038
"37",0.132524444519343,0.256971219639858,0.488629727260475,0.0734463817303671,0.0237050009497176,0.0247232259002389
"38",0.0646586680614203,0.133575044696313,0.731313715238696,0.0410714723416167,0.0146632256218061,0.0147178740401472
"39",0.0758263410448121,0.154299148511219,0.695289658741355,0.0402640562303922,0.0172333386053325,0.0170874568668894
"40",0.117910924886539,0.224581539590209,0.551697693325891,0.0575619437572635,0.024364441376625,0.023883457063472
"41",0.175038189807925,0.333678878650476,0.337254367977304,0.0807593231442944,0.0343210325463351,0.0389482078736655
"42",0.140389915202765,0.226494136261611,0.509119304296809,0.0717123376161693,0.0277561915100476,0.0245281151125982
"43",0.136755976542921,0.261145654485606,0.475640160278552,0.0705311128199217,0.0275849227373647,0.0283421731356352
"44",0.0955234505382584,0.179367193822477,0.637151334517698,0.0468528507005401,0.0210616356764591,0.020043534744567
"45",0.101437152561965,0.203404153421092,0.600351738762039,0.0506330851509987,0.0218725150546195,0.0223013550492855
"46",0.0959927653652547,0.200473334374818,0.612055306502594,0.0483153145168444,0.0210404895858926,0.0221227896545967
"47",0.10094928487164,0.216703036931587,0.581065537197631,0.0543814696793369,0.0221899437306031,0.0247107275892019
"48",0.0999393655103723,0.1830130207289,0.62016835568031,0.0554931044072568,0.0213732541800779,0.0200128994930834
"49",0.155791589142543,0.283500971440076,0.429850565506884,0.0717510026664193,0.02983718722994,0.0292686840141378
"50",0.151034372715996,0.284704323530497,0.439417307384722,0.0660132933483415,0.029303242472019,0.0295274605484242
"51",0.144703144676025,0.279869940209698,0.449304922641247,0.068444401332404,0.0284091285773087,0.0292684625633177
"52",0.071857521675017,0.145444432975964,0.709810688691226,0.0401223184817678,0.016547063114791,0.0162179750612337
"53",0.11655641185992,0.205757871083808,0.570618498089829,0.0588070796182094,0.0257452074775666,0.0225149318706676
"54",0.201583731466964,0.523320205944079,0.0611636355178639,0.125066682205097,0.0344474693270153,0.0544182755389801
"55",0.205350487350095,0.359636056404912,0.261161439267427,0.0928753225898142,0.0427877083790993,0.0381889860086523
"56",0.184719693944464,0.399641821401853,0.255102355284654,0.0892285881544944,0.0384670186300436,0.0328405225844905
"57",0.198306164073622,0.42306039266686,0.201184565509028,0.102194439322473,0.0400260549124612,0.0352283835155561
"58",0.165045458872608,0.300142242341799,0.396731386571482,0.0707429386303984,0.0253042613197562,0.0420337122639557
"59",0.0976180470144473,0.302958207350352,0.463602715250264,0.0758119284736855,0.0221898796332634,0.0378192222779872
"60",0.0316465966648111,0.0670410221410474,0.864324748782761,0.0229364925971912,0.00532653621737556,0.00872460359681429
"61",0.0325188900356987,0.0530049490550818,0.882388471056614,0.0193818103072585,0.00554803321277788,0.00715784633256875
"62",0.171179179309316,0.462513340912595,0.184542217913172,0.11272173458422,0.0279780711443023,0.0410654561363952
"63",0.0560115060297634,0.157604900897701,0.704662523641964,0.0488056516883918,0.0148147915283024,0.0181006262138769
"64",0.149280479902824,0.609487432832966,0.0243421691380641,0.112445159047674,0.0261052027769979,0.0783395563014734
"65",0.176957896234437,0.593736133487577,0.00948807487449758,0.117259574098043,0.02723383604197,0.0753244852634758
"66",0.205798188403912,0.321509729810378,0.346151072807894,0.0636410226891235,0.0339277639623793,0.028972222326314
"67",0.160252548264031,0.25463782806745,0.471818011340664,0.0580087161698465,0.0299720068807659,0.0253108892772433
"68",0.164140730760172,0.30506348236598,0.398791179378417,0.0719102192364082,0.0293193916409886,0.0307749966180338
"69",0.0899442347867404,0.184043852928455,0.629712206213659,0.0572815908540375,0.0176969313319841,0.0213211838851242
"70",0.0974155645765615,0.178394007186108,0.626146249300298,0.0542613525039564,0.0211115336620072,0.0226712927710688
"71",0.181366942298656,0.320496564617265,0.316457473687336,0.105221131830864,0.0380445598149639,0.0384133277509158
"72",0.175620971808247,0.373511334262688,0.284001289824246,0.0974997814604636,0.0322254610461916,0.0371411615981641
"73",0.190367626565454,0.323683845841299,0.337066133214114,0.0836368722329905,0.0351755177490774,0.0300700043970655
"74",0.177377050738131,0.317240991629812,0.359440522528267,0.0851162415575344,0.0320242155479219,0.0288009779983336
"75",0.164246528909949,0.306928250576489,0.374309207910183,0.102037020952655,0.0257272723173395,0.0267517193333834
"76",0.177110848047767,0.294146236650182,0.361105216788023,0.114558159773009,0.0287077973733071,0.0243717413677124
"77",0.169714402665169,0.295035820707666,0.364065641605336,0.115506862357261,0.028513730743173,0.0271635419213944
"78",0.175189411098534,0.313282526530461,0.349763943033326,0.101894921481889,0.0298314808634246,0.0300377169923657
"79",0.148572645906371,0.308912316691347,0.42357692226423,0.0650043955798604,0.0268151585769574,0.0271185609812341
"80",0.128969102712416,0.206844311339885,0.516613348929244,0.0918538975517549,0.0266617904441893,0.0290575490225116
"81",0.133131760834713,0.214842703522534,0.500608351502906,0.0939027267280739,0.0273426074102291,0.0301718500015447
"82",0.093596418296336,0.153795366530553,0.639343603210539,0.0706280288086906,0.0207205257077637,0.0219160574461177
"83",0.0920825926418871,0.171923193371772,0.60464775474262,0.0813873335207998,0.0219458083945332,0.028013317328388
"84",0.120047533760413,0.203117303082512,0.535426162857033,0.0854364771800298,0.0260549232855705,0.029917599834441
"85",0.113857394452792,0.149510062862499,0.626537953807949,0.0681413891590893,0.0190842648400312,0.0228689348776391
"86",0.168403989103192,0.257928653218718,0.385046958674549,0.113949251906828,0.0281804300234412,0.046490717073271
"87",0.10609140080584,0.12337125129931,0.664068320097851,0.0654994228810937,0.0196148334845066,0.0213547714313985
"88",0.132762956525823,0.175105423474243,0.552942897560295,0.0876282860124442,0.0225622799973959,0.0289981564297992
"89",0.157062396369574,0.296909615172764,0.383136892200251,0.0969096412724058,0.0287550592169063,0.0372263957680992
"90",0.176933650665462,0.302193356510857,0.365762116345253,0.0934500807714137,0.0289291140780541,0.0327316816289599
"91",0.208029796545271,0.364890954541417,0.239709208450015,0.111776617474234,0.0333237940509553,0.0422696289381087
"92",0.134499227244,0.238912055550901,0.492649275964857,0.0751641777018449,0.0275123521918995,0.0312629113464973
"93",0.167524881126576,0.29428426209471,0.422911950731664,0.0604394813586704,0.0283770390910111,0.0264623855973683
"94",0.180867389772184,0.322481356442567,0.362934856279064,0.077918527595808,0.027274106966745,0.0285237629436319
"95",0.146386467628966,0.252044560762656,0.494095044054386,0.0553485662117449,0.0267988812666926,0.0253264800755546
"96",0.176434401808807,0.316223926754881,0.375637287189341,0.0774875671589734,0.026494741060168,0.0277220760278296
"97",0.0653408126247372,0.170198358832493,0.673809365295842,0.0554469745167935,0.0147913821304578,0.0204131065996764
"98",0.13372032759574,0.230329200197971,0.500904323771249,0.0868673439630001,0.0235551387179479,0.0246236657540922
"99",0.0599344922186999,0.138332745767837,0.71826393076624,0.0504277521882402,0.0145501767752623,0.0184909022837204
"100",0.192241798917036,0.287360476045516,0.377004321471526,0.0791441969043944,0.0352298158413147,0.0290193908202138
"101",0.137365683473198,0.233754564061334,0.504127947342155,0.0827302264621955,0.0222195991907072,0.0198019794704095
"102",0.137071343248316,0.512246795294535,0.190982065144036,0.091517116602976,0.0274418215442061,0.040740858165931
"103",0.127869278240894,0.542945973924788,0.176252833847429,0.0904282633829177,0.0231815302108359,0.0393221203931348
"104",0.121016481149952,0.271858255448091,0.47291017658855,0.0842044421361049,0.020744346977932,0.0292662976993699
"105",0.18227762300937,0.370190766338129,0.27940363343293,0.0867939475964941,0.0358196795288805,0.0455143500941956
"106",0.185540677397813,0.383800775916305,0.258365692984913,0.0936614210468573,0.0339274643511128,0.0447039683029984
"107",0.175402026715175,0.477858844466548,0.184760295654462,0.0911380017701536,0.0292993317721358,0.0415414996215254
"108",0.154881761784545,0.478393216222176,0.186753180991299,0.103427753991285,0.0280383356240614,0.0485057513866347
"109",0.157669841594117,0.455065689595169,0.233654776239054,0.088867871143497,0.0262762661898027,0.0384655552383601
"110",0.0654011164199828,0.147478421215416,0.710528899161562,0.0453569783764904,0.0146452052731401,0.0165893795534083
"111",0.120060346191041,0.305884853785355,0.431063811328031,0.0785182753078724,0.0258628430062208,0.03860987038148
"112",0.121258164187862,0.294888871716078,0.435001591122771,0.091135110209458,0.0271156700389365,0.0306005927248944
"113",0.0916855774213151,0.228807575775677,0.546166235548643,0.0858228066594705,0.0218495883590578,0.0256682162358366
"114",0.0810037906302581,0.180944248535152,0.624488905785606,0.069784084120486,0.0217059983183119,0.0220729726101862
"115",0.121576404840531,0.285616052338445,0.448698233327311,0.0880363878962672,0.0267569075988118,0.0293160139986331
"116",0.100403857945021,0.176666070553813,0.612070267119658,0.0668520322913969,0.0210275735250408,0.0229801985650714
"117",0.0945228513971626,0.168650740825261,0.635669754232398,0.0601994517661326,0.0193432471639398,0.0216139546151052
"118",0.180042330377933,0.344199076602401,0.331038256908854,0.0804173318800082,0.0303756390940836,0.0339273651367195
"119",0.125929378427567,0.258557938817689,0.501393652709859,0.0635096437718563,0.0238164414955996,0.0267929447774295
"120",0.141986142469933,0.26182733354673,0.478092910935448,0.0614661506782505,0.028516872120655,0.0281105902489837
"121",0.0540228965450276,0.116082786480666,0.772199306380185,0.0321800757884585,0.0126466759499427,0.0128682588557211
"122",0.0747382559353773,0.152711331732159,0.702727834116787,0.0368521753957628,0.0165604426605203,0.0164099601593937
"123",0.11514900486929,0.344585750146655,0.409557614730953,0.0805907137315836,0.0221363647458132,0.0279805517757061
"124",0.20707262421402,0.279207000009736,0.373398810596198,0.0775033990552671,0.0343745432271335,0.0284436228976455
"125",0.185728939427797,0.325675418119918,0.363285928039448,0.0697871703886394,0.0279023456012905,0.0276201984229071
"126",0.178828055785586,0.247718473667566,0.451697672748713,0.0678142923785597,0.0297370558617873,0.0242044495577883
"127",0.0954030798061702,0.179403430794182,0.608752446233726,0.0771762588274064,0.0182908875280646,0.020973896810451
"128",0.129275717715367,0.2364141302353,0.481668503804533,0.0959431541491961,0.0241588279809752,0.0325396661146282
